1403637130738318848.000000000 1.000000 -0.000000 -0.000000 0.000000 -0.000000 0.000000 0.000000
1403637130738318848.000000000 1.000000 -0.000000 -0.000000 0.000000 -0.000000 0.000000 0.000000
1403637130738318848.000000000 1.000000 -0.000000 -0.000000 0.000000 -0.000000 0.000000 0.000000
1403637130738318848.000000000 1.000000 -0.000000 -0.000000 0.000000 -0.000000 0.000000 0.000000
1403637130738318848.000000000 1.000000 -0.000000 -0.000000 0.000000 -0.000000 0.000000 0.000000
1403637130788319232.000000000 1.000000 -0.000267 0.000021 0.000163 0.000127 -0.000154 0.000283
1403637130788319232.000000000 1.000000 -0.000267 0.000021 0.000163 0.000127 -0.000154 0.000283
1403637130788319232.000000000 1.000000 -0.000267 0.000021 0.000163 0.000127 -0.000154 0.000283
1403637130788319232.000000000 1.000000 -0.000267 0.000021 0.000163 0.000127 -0.000154 0.000283
1403637130788319232.000000000 1.000000 -0.000267 0.000021 0.000163 0.000127 -0.000154 0.000283
1403637130838319104.000000000 1.000000 0.000002 -0.000009 0.000528 0.000182 -0.000112 0.000608
1403637130838319104.000000000 1.000000 0.000002 -0.000009 0.000528 0.000182 -0.000112 0.000608
1403637130838319104.000000000 1.000000 0.000002 -0.000009 0.000528 0.000182 -0.000112 0.000608
1403637130838319104.000000000 1.000000 0.000002 -0.000009 0.000528 0.000182 -0.000112 0.000608
1403637130838319104.000000000 1.000000 0.000002 -0.000009 0.000528 0.000182 -0.000112 0.000608
1403637130888318976.000000000 1.000000 0.000089 0.000044 0.000406 0.000187 -0.000089 0.000415
1403637130888318976.000000000 1.000000 0.000089 0.000044 0.000406 0.000187 -0.000089 0.000415
1403637130888318976.000000000 1.000000 0.000089 0.000044 0.000406 0.000187 -0.000089 0.000415
1403637130888318976.000000000 1.000000 0.000089 0.000044 0.000406 0.000187 -0.000089 0.000415
1403637130888318976.000000000 1.000000 0.000089 0.000044 0.000406 0.000187 -0.000089 0.000415
1403637130938318848.000000000 1.000000 0.000174 -0.000253 0.000028 0.000072 0.000055 0.000155
1403637130938318848.000000000 1.000000 0.000174 -0.000253 0.000028 0.000072 0.000055 0.000155
1403637130938318848.000000000 1.000000 0.000174 -0.000253 0.000028 0.000072 0.000055 0.000155
1403637130938318848.000000000 1.000000 0.000174 -0.000253 0.000028 0.000072 0.000055 0.000155
1403637130938318848.000000000 1.000000 0.000174 -0.000253 0.000028 0.000072 0.000055 0.000155
1403637130988318976.000000000 1.000000 -0.000117 -0.000101 0.000258 0.000036 0.000026 0.000576
1403637130988318976.000000000 1.000000 -0.000117 -0.000101 0.000258 0.000036 0.000026 0.000576
1403637130988318976.000000000 1.000000 -0.000117 -0.000101 0.000258 0.000036 0.000026 0.000576
1403637130988318976.000000000 1.000000 -0.000117 -0.000101 0.000258 0.000036 0.000026 0.000576
1403637130988318976.000000000 1.000000 -0.000117 -0.000101 0.000258 0.000036 0.000026 0.000576
1403637131038319104.000000000 1.000000 -0.000111 0.000012 0.000778 0.000176 -0.000130 0.000514
1403637131038319104.000000000 2.000000 -0.000111 0.000012 0.000778 0.000176 -0.000130 0.000514
1403637131038319104.000000000 2.000000 -0.000111 0.000012 0.000778 0.000176 -0.000130 0.000514
1403637131038319104.000000000 2.000000 -0.000111 0.000012 0.000778 0.000176 -0.000130 0.000514
1403637131038319104.000000000 2.000000 -0.000111 0.000012 0.000778 0.000176 -0.000130 0.000514
1403637131088318976.000000000 2.000000 -0.000291 -0.000111 0.000391 0.000123 -0.000266 0.001298
1403637131088318976.000000000 2.000000 -0.000291 -0.000111 0.000391 0.000123 -0.000266 0.001298
1403637131088318976.000000000 2.000000 -0.000291 -0.000111 0.000391 0.000123 -0.000266 0.001298
1403637131088318976.000000000 2.000000 -0.000291 -0.000111 0.000391 0.000123 -0.000266 0.001298
1403637131088318976.000000000 2.000000 -0.000291 -0.000111 0.000391 0.000123 -0.000266 0.001298
1403637131138319104.000000000 2.000000 -0.000030 -0.000001 0.000007 0.000014 0.000009 0.000276
1403637131138319104.000000000 2.000000 -0.000030 -0.000001 0.000007 0.000014 0.000009 0.000276
1403637131138319104.000000000 2.000000 -0.000030 -0.000001 0.000007 0.000014 0.000009 0.000276
1403637131138319104.000000000 2.000000 -0.000030 -0.000001 0.000007 0.000014 0.000009 0.000276
1403637131138319104.000000000 2.000000 -0.000030 -0.000001 0.000007 0.000014 0.000009 0.000276
1403637131188318976.000000000 2.000000 0.000195 0.000120 0.000255 0.000254 0.000183 0.000045
1403637131188318976.000000000 2.000000 0.000195 0.000120 0.000255 0.000254 0.000183 0.000045
1403637131188318976.000000000 2.000000 0.000195 0.000120 0.000255 0.000254 0.000183 0.000045
1403637131188318976.000000000 2.000000 0.000195 0.000120 0.000255 0.000254 0.000183 0.000045
1403637131188318976.000000000 2.000000 0.000195 0.000120 0.000255 0.000254 0.000183 0.000045
1403637131238318848.000000000 2.000000 0.000123 -0.000184 0.000209 0.000149 0.000179 0.000278
1403637131238318848.000000000 2.000000 0.000123 -0.000184 0.000209 0.000149 0.000179 0.000278
1403637131238318848.000000000 2.000000 0.000123 -0.000184 0.000209 0.000149 0.000179 0.000278
1403637131238318848.000000000 2.000000 0.000123 -0.000184 0.000209 0.000149 0.000179 0.000278
1403637131238318848.000000000 2.000000 0.000123 -0.000184 0.000209 0.000149 0.000179 0.000278
1403637131288319232.000000000 2.000000 0.000075 0.000113 0.000237 0.000191 0.000188 0.000017
1403637131288319232.000000000 2.000000 0.000075 0.000113 0.000237 0.000191 0.000188 0.000017
1403637131288319232.000000000 2.000000 0.000075 0.000113 0.000237 0.000191 0.000188 0.000017
1403637131288319232.000000000 2.000000 0.000075 0.000113 0.000237 0.000191 0.000188 0.000017
1403637131288319232.000000000 2.000000 0.000075 0.000113 0.000237 0.000191 0.000188 0.000017
1403637131338319104.000000000 2.000000 -0.000051 0.000050 0.000279 0.000129 0.000082 0.000209
1403637131338319104.000000000 3.000000 -0.000051 0.000050 0.000279 0.000129 0.000082 0.000209
1403637131338319104.000000000 3.000000 -0.000051 0.000050 0.000279 0.000129 0.000082 0.000209
1403637131338319104.000000000 3.000000 -0.000051 0.000050 0.000279 0.000129 0.000082 0.000209
1403637131338319104.000000000 3.000000 -0.000051 0.000050 0.000279 0.000129 0.000082 0.000209
1403637131388318976.000000000 3.000000 0.000358 -0.000197 0.000636 0.000228 0.000035 0.000129
1403637131388318976.000000000 3.000000 0.000358 -0.000197 0.000636 0.000228 0.000035 0.000129
1403637131388318976.000000000 3.000000 0.000358 -0.000197 0.000636 0.000228 0.000035 0.000129
1403637131388318976.000000000 3.000000 0.000358 -0.000197 0.000636 0.000228 0.000035 0.000129
1403637131388318976.000000000 3.000000 0.000358 -0.000197 0.000636 0.000228 0.000035 0.000129
1403637131438318848.000000000 3.000000 0.000318 -0.000061 0.000499 0.000070 0.000277 -0.000056
1403637131438318848.000000000 3.000000 0.000318 -0.000061 0.000499 0.000070 0.000277 -0.000056
1403637131438318848.000000000 3.000000 0.000318 -0.000061 0.000499 0.000070 0.000277 -0.000056
1403637131438318848.000000000 3.000000 0.000318 -0.000061 0.000499 0.000070 0.000277 -0.000056
1403637131438318848.000000000 3.000000 0.000318 -0.000061 0.000499 0.000070 0.000277 -0.000056
1403637131488318976.000000000 3.000000 0.000923 0.000031 0.002894 0.000232 0.000172 0.000207
1403637131488318976.000000000 3.000000 0.000923 0.000031 0.002894 0.000232 0.000172 0.000207
1403637131488318976.000000000 3.000000 0.000923 0.000031 0.002894 0.000232 0.000172 0.000207
1403637131488318976.000000000 3.000000 0.000923 0.000031 0.002894 0.000232 0.000172 0.000207
1403637131488318976.000000000 3.000000 0.000923 0.000031 0.002894 0.000232 0.000172 0.000207
1403637131538319104.000000000 3.000000 0.000086 -0.000046 0.000288 0.000088 -0.000015 0.000383
1403637131538319104.000000000 3.000000 0.000086 -0.000046 0.000288 0.000088 -0.000015 0.000383
1403637131538319104.000000000 3.000000 0.000086 -0.000046 0.000288 0.000088 -0.000015 0.000383
1403637131538319104.000000000 3.000000 0.000086 -0.000046 0.000288 0.000088 -0.000015 0.000383
1403637131538319104.000000000 3.000000 0.000086 -0.000046 0.000288 0.000088 -0.000015 0.000383
1403637131588318976.000000000 3.000000 0.000137 0.000038 0.000165 0.000057 -0.000033 -0.000208
1403637131588318976.000000000 4.000000 0.000137 0.000038 0.000165 0.000057 -0.000033 -0.000208
1403637131588318976.000000000 4.000000 0.000137 0.000038 0.000165 0.000057 -0.000033 -0.000208
1403637131588318976.000000000 4.000000 0.000137 0.000038 0.000165 0.000057 -0.000033 -0.000208
1403637131588318976.000000000 4.000000 0.000137 0.000038 0.000165 0.000057 -0.000033 -0.000208
1403637131638319104.000000000 4.000000 0.000418 -0.000007 0.000584 0.000111 0.000085 -0.000216
1403637131638319104.000000000 4.000000 0.000418 -0.000007 0.000584 0.000111 0.000085 -0.000216
1403637131638319104.000000000 4.000000 0.000418 -0.000007 0.000584 0.000111 0.000085 -0.000216
1403637131638319104.000000000 4.000000 0.000418 -0.000007 0.000584 0.000111 0.000085 -0.000216
1403637131638319104.000000000 4.000000 0.000418 -0.000007 0.000584 0.000111 0.000085 -0.000216
1403637131688318976.000000000 4.000000 0.000502 0.000002 0.000948 0.000204 0.000226 -0.000180
1403637131688318976.000000000 4.000000 0.000502 0.000002 0.000948 0.000204 0.000226 -0.000180
1403637131688318976.000000000 4.000000 0.000502 0.000002 0.000948 0.000204 0.000226 -0.000180
1403637131688318976.000000000 4.000000 0.000502 0.000002 0.000948 0.000204 0.000226 -0.000180
1403637131688318976.000000000 4.000000 0.000502 0.000002 0.000948 0.000204 0.000226 -0.000180
1403637131738318848.000000000 4.000000 0.000586 0.000010 0.001313 0.000297 0.000368 -0.000143
1403637131738318848.000000000 4.000000 0.000148 -0.000140 0.000560 0.000127 0.000019 0.000342
1403637131738318848.000000000 4.000000 0.000148 -0.000140 0.000560 0.000127 0.000019 0.000342
1403637131738318848.000000000 4.000000 0.000148 -0.000140 0.000560 0.000127 0.000019 0.000342
1403637131738318848.000000000 4.000000 0.000148 -0.000140 0.000560 0.000127 0.000019 0.000342
1403637131788319232.000000000 4.000000 -0.000206 -0.000283 0.000171 0.000050 -0.000189 0.000863
1403637131788319232.000000000 4.000000 0.000134 -0.000077 -0.000025 0.000149 0.000104 0.000218
1403637131788319232.000000000 4.000000 0.000134 -0.000077 -0.000025 0.000149 0.000104 0.000218
1403637131788319232.000000000 4.000000 0.000134 -0.000077 -0.000025 0.000149 0.000104 0.000218
1403637131788319232.000000000 4.000000 0.000134 -0.000077 -0.000025 0.000149 0.000104 0.000218
1403637131788319232.000000000 4.000000 0.000134 -0.000077 -0.000025 0.000149 0.000104 0.000218
1403637131838319104.000000000 5.000000 0.000519 0.000004 0.000838 0.000167 0.000146 -0.000175
1403637131838319104.000000000 5.000000 0.000519 0.000004 0.000838 0.000167 0.000146 -0.000175
1403637131838319104.000000000 5.000000 0.000519 0.000004 0.000838 0.000167 0.000146 -0.000175
1403637131838319104.000000000 5.000000 0.000519 0.000004 0.000838 0.000167 0.000146 -0.000175
1403637131838319104.000000000 5.000000 0.000519 0.000004 0.000838 0.000167 0.000146 -0.000175
1403637131888318976.000000000 5.000000 0.000177 0.000007 0.000472 0.000114 -0.000058 0.000037
1403637131888318976.000000000 5.000000 0.000177 0.000007 0.000472 0.000114 -0.000058 0.000037
1403637131888318976.000000000 5.000000 0.000177 0.000007 0.000472 0.000114 -0.000058 0.000037
1403637131888318976.000000000 5.000000 0.000177 0.000007 0.000472 0.000114 -0.000058 0.000037
1403637131938318848.000000000 5.000000 0.000000 0.000000 0.000000 0.000000 0.000000 0.000000
1403637131938318848.000000000 5.000000 0.000335 -0.000178 0.000553 0.000001 -0.000023 -0.000062
1403637131938318848.000000000 5.000000 0.000335 -0.000178 0.000553 0.000001 -0.000023 -0.000062
1403637131938318848.000000000 5.000000 0.000335 -0.000178 0.000553 0.000001 -0.000023 -0.000062
1403637131938318848.000000000 5.000000 0.000335 -0.000178 0.000553 0.000001 -0.000023 -0.000062
1403637131938318848.000000000 5.000000 0.000335 -0.000178 0.000553 0.000001 -0.000023 -0.000062
1403637131988318976.000000000 5.000000 -0.000359 -0.000165 -0.001176 0.000079 0.000142 0.000246
1403637131988318976.000000000 5.000000 -0.000359 -0.000165 -0.001176 0.000079 0.000142 0.000246
1403637131988318976.000000000 5.000000 -0.000359 -0.000165 -0.001176 0.000079 0.000142 0.000246
1403637131988318976.000000000 5.000000 -0.000359 -0.000165 -0.001176 0.000079 0.000142 0.000246
1403637132038319104.000000000 5.000000 0.000000 0.000000 0.000000 0.000000 0.000000 0.000000
1403637132038319104.000000000 5.000000 -0.000024 -0.000192 0.000894 0.000134 -0.000092 0.000609
1403637132038319104.000000000 5.000000 -0.000024 -0.000192 0.000894 0.000134 -0.000092 0.000609
1403637132038319104.000000000 5.000000 -0.000024 -0.000192 0.000894 0.000134 -0.000092 0.000609
1403637132038319104.000000000 5.000000 -0.000024 -0.000192 0.000894 0.000134 -0.000092 0.000609
1403637132038319104.000000000 5.000000 -0.000024 -0.000192 0.000894 0.000134 -0.000092 0.000609
1403637132088318976.000000000 6.000000 0.000013 -0.000182 0.000796 0.000090 -0.000149 0.000552
1403637132088318976.000000000 6.000000 0.000013 -0.000182 0.000796 0.000090 -0.000149 0.000552
1403637132088318976.000000000 6.000000 0.000013 -0.000182 0.000796 0.000090 -0.000149 0.000552
1403637132088318976.000000000 6.000000 0.000013 -0.000182 0.000796 0.000090 -0.000149 0.000552
1403637132088318976.000000000 6.000000 0.000013 -0.000182 0.000796 0.000090 -0.000149 0.000552
1403637132138319104.000000000 6.000000 0.000054 -0.000110 0.001049 0.000054 -0.000359 0.000864
1403637132138319104.000000000 6.000000 0.000054 -0.000110 0.001049 0.000054 -0.000359 0.000864
1403637132138319104.000000000 6.000000 0.000054 -0.000110 0.001049 0.000054 -0.000359 0.000864
1403637132138319104.000000000 6.000000 0.000054 -0.000110 0.001049 0.000054 -0.000359 0.000864
1403637132188318976.000000000 6.000000 0.000051 -0.000106 0.001099 0.000012 -0.000493 0.001069
1403637132188318976.000000000 6.000000 -0.000116 -0.000058 0.000684 0.000125 -0.000142 0.000431
1403637132188318976.000000000 6.000000 -0.000116 -0.000058 0.000684 0.000125 -0.000142 0.000431
1403637132188318976.000000000 6.000000 -0.000116 -0.000058 0.000684 0.000125 -0.000142 0.000431
1403637132188318976.000000000 6.000000 -0.000116 -0.000058 0.000684 0.000125 -0.000142 0.000431
1403637132188318976.000000000 6.000000 -0.000116 -0.000058 0.000684 0.000125 -0.000142 0.000431
1403637132238318848.000000000 6.000000 0.000020 -0.000082 0.000931 0.000012 -0.000170 0.000612
1403637132238318848.000000000 6.000000 0.000020 -0.000082 0.000931 0.000012 -0.000170 0.000612
1403637132238318848.000000000 6.000000 0.000020 -0.000082 0.000931 0.000012 -0.000170 0.000612
1403637132238318848.000000000 6.000000 0.000020 -0.000082 0.000931 0.000012 -0.000170 0.000612
1403637132238318848.000000000 6.000000 0.000020 -0.000082 0.000931 0.000012 -0.000170 0.000612
1403637132288319232.000000000 6.000000 0.000108 -0.000176 0.001086 0.000180 -0.000146 0.000859
1403637132288319232.000000000 6.000000 0.000108 -0.000176 0.001086 0.000180 -0.000146 0.000859
1403637132288319232.000000000 6.000000 0.000108 -0.000176 0.001086 0.000180 -0.000146 0.000859
1403637132288319232.000000000 6.000000 0.000108 -0.000176 0.001086 0.000180 -0.000146 0.000859
1403637132288319232.000000000 6.000000 0.000108 -0.000176 0.001086 0.000180 -0.000146 0.000859
1403637132338319104.000000000 7.000000 0.000013 -0.000106 0.000938 0.000130 -0.000190 0.000629
1403637132338319104.000000000 7.000000 0.000013 -0.000106 0.000938 0.000130 -0.000190 0.000629
1403637132338319104.000000000 7.000000 0.000013 -0.000106 0.000938 0.000130 -0.000190 0.000629
1403637132338319104.000000000 7.000000 0.000013 -0.000106 0.000938 0.000130 -0.000190 0.000629
1403637132338319104.000000000 7.000000 0.000013 -0.000106 0.000938 0.000130 -0.000190 0.000629
1403637132388318976.000000000 7.000000 0.000143 0.000012 0.000871 -0.000008 0.000014 0.000107
1403637132388318976.000000000 7.000000 0.000143 0.000012 0.000871 -0.000008 0.000014 0.000107
1403637132388318976.000000000 7.000000 0.000143 0.000012 0.000871 -0.000008 0.000014 0.000107
1403637132388318976.000000000 7.000000 0.000143 0.000012 0.000871 -0.000008 0.000014 0.000107
1403637132388318976.000000000 7.000000 0.000143 0.000012 0.000871 -0.000008 0.000014 0.000107
1403637132438318848.000000000 7.000000 0.000020 -0.000051 0.000911 0.000140 -0.000040 0.000392
1403637132438318848.000000000 7.000000 0.000020 -0.000051 0.000911 0.000140 -0.000040 0.000392
1403637132438318848.000000000 7.000000 0.000020 -0.000051 0.000911 0.000140 -0.000040 0.000392
1403637132438318848.000000000 7.000000 0.000020 -0.000051 0.000911 0.000140 -0.000040 0.000392
1403637132438318848.000000000 7.000000 0.000020 -0.000051 0.000911 0.000140 -0.000040 0.000392
1403637132488318976.000000000 7.000000 -0.000020 -0.000068 0.000800 0.000112 -0.000095 0.000483
1403637132488318976.000000000 7.000000 -0.000020 -0.000068 0.000800 0.000112 -0.000095 0.000483
1403637132488318976.000000000 7.000000 -0.000020 -0.000068 0.000800 0.000112 -0.000095 0.000483
1403637132488318976.000000000 7.000000 -0.000020 -0.000068 0.000800 0.000112 -0.000095 0.000483
1403637132488318976.000000000 7.000000 -0.000020 -0.000068 0.000800 0.000112 -0.000095 0.000483
1403637132538319104.000000000 7.000000 0.000118 -0.000141 0.000877 0.000181 -0.000101 0.000586
1403637132538319104.000000000 7.000000 0.000118 -0.000141 0.000877 0.000181 -0.000101 0.000586
1403637132538319104.000000000 7.000000 0.000118 -0.000141 0.000877 0.000181 -0.000101 0.000586
1403637132538319104.000000000 7.000000 0.000118 -0.000141 0.000877 0.000181 -0.000101 0.000586
1403637132538319104.000000000 7.000000 0.000118 -0.000141 0.000877 0.000181 -0.000101 0.000586
1403637132588318976.000000000 7.000000 -0.000268 -0.000221 0.000540 0.000115 -0.000377 0.001338
1403637132588318976.000000000 8.000000 -0.000268 -0.000221 0.000540 0.000115 -0.000377 0.001338
1403637132588318976.000000000 8.000000 -0.000268 -0.000221 0.000540 0.000115 -0.000377 0.001338
1403637132588318976.000000000 8.000000 -0.000268 -0.000221 0.000540 0.000115 -0.000377 0.001338
1403637132588318976.000000000 8.000000 -0.000268 -0.000221 0.000540 0.000115 -0.000377 0.001338
1403637132638319104.000000000 8.000000 -0.000067 -0.000168 0.000890 0.000098 -0.000414 0.001206
1403637132638319104.000000000 8.000000 -0.000067 -0.000168 0.000890 0.000098 -0.000414 0.001206
1403637132638319104.000000000 8.000000 -0.000067 -0.000168 0.000890 0.000098 -0.000414 0.001206
1403637132638319104.000000000 8.000000 -0.000067 -0.000168 0.000890 0.000098 -0.000414 0.001206
1403637132638319104.000000000 8.000000 -0.000067 -0.000168 0.000890 0.000098 -0.000414 0.001206
1403637132688318976.000000000 8.000000 0.000080 -0.000024 0.001050 0.000084 -0.000121 0.000380
1403637132688318976.000000000 8.000000 0.000080 -0.000024 0.001050 0.000084 -0.000121 0.000380
1403637132688318976.000000000 8.000000 0.000080 -0.000024 0.001050 0.000084 -0.000121 0.000380
1403637132688318976.000000000 8.000000 0.000080 -0.000024 0.001050 0.000084 -0.000121 0.000380
1403637132688318976.000000000 8.000000 0.000080 -0.000024 0.001050 0.000084 -0.000121 0.000380
1403637132738318848.000000000 8.000000 0.000268 0.000010 0.001336 0.000128 -0.000063 0.000376
1403637132738318848.000000000 8.000000 0.000268 0.000010 0.001336 0.000128 -0.000063 0.000376
1403637132738318848.000000000 8.000000 0.000268 0.000010 0.001336 0.000128 -0.000063 0.000376
1403637132738318848.000000000 8.000000 0.000268 0.000010 0.001336 0.000128 -0.000063 0.000376
1403637132738318848.000000000 8.000000 0.000268 0.000010 0.001336 0.000128 -0.000063 0.000376
1403637132788319232.000000000 8.000000 0.000202 0.000004 0.001123 0.000016 -0.000108 0.000416
1403637132788319232.000000000 8.000000 0.000202 0.000004 0.001123 0.000016 -0.000108 0.000416
1403637132788319232.000000000 8.000000 0.000202 0.000004 0.001123 0.000016 -0.000108 0.000416
1403637132788319232.000000000 8.000000 0.000202 0.000004 0.001123 0.000016 -0.000108 0.000416
1403637132788319232.000000000 8.000000 0.000202 0.000004 0.001123 0.000016 -0.000108 0.000416
1403637132838319104.000000000 8.000000 0.000132 0.000056 0.001071 0.000042 -0.000079 0.000455
1403637132838319104.000000000 9.000000 0.000132 0.000056 0.001071 0.000042 -0.000079 0.000455
1403637132838319104.000000000 9.000000 0.000132 0.000056 0.001071 0.000042 -0.000079 0.000455
1403637132838319104.000000000 9.000000 0.000132 0.000056 0.001071 0.000042 -0.000079 0.000455
1403637132838319104.000000000 9.000000 0.000132 0.000056 0.001071 0.000042 -0.000079 0.000455
1403637132888318976.000000000 9.000000 0.000043 0.000273 0.001089 -0.000295 -0.000214 -0.000302
1403637132888318976.000000000 9.000000 0.000043 0.000273 0.001089 -0.000295 -0.000214 -0.000302
1403637132888318976.000000000 9.000000 0.000043 0.000273 0.001089 -0.000295 -0.000214 -0.000302
1403637132888318976.000000000 9.000000 0.000043 0.000273 0.001089 -0.000295 -0.000214 -0.000302
1403637132888318976.000000000 9.000000 0.000043 0.000273 0.001089 -0.000295 -0.000214 -0.000302
1403637132938318848.000000000 9.000000 -0.000264 0.000320 0.000806 -0.000453 -0.000422 0.000111
1403637132938318848.000000000 9.000000 -0.000238 0.000235 0.000700 -0.000472 -0.000433 0.000149
1403637132938318848.000000000 9.000000 -0.000238 0.000235 0.000700 -0.000472 -0.000433 0.000149
1403637132938318848.000000000 9.000000 -0.000238 0.000235 0.000700 -0.000472 -0.000433 0.000149
1403637132938318848.000000000 9.000000 -0.000238 0.000235 0.000700 -0.000472 -0.000433 0.000149
1403637132988318976.000000000 9.000000 0.000167 0.000484 0.000416 -0.000147 -0.000494 -0.001141
1403637132988318976.000000000 9.000000 0.000264 0.000441 0.001085 -0.000123 -0.000506 -0.001169
1403637132988318976.000000000 9.000000 0.000264 0.000441 0.001085 -0.000123 -0.000506 -0.001169
1403637132988318976.000000000 9.000000 0.000264 0.000441 0.001085 -0.000123 -0.000506 -0.001169
1403637132988318976.000000000 9.000000 0.000264 0.000441 0.001085 -0.000123 -0.000506 -0.001169
1403637133038319104.000000000 9.000000 0.000244 0.000467 -0.000006 0.000161 -0.000834 -0.001181
1403637133038319104.000000000 9.000000 0.000213 0.000480 -0.000012 0.000197 -0.000777 -0.001248
1403637133038319104.000000000 9.000000 0.000213 0.000480 -0.000012 0.000197 -0.000777 -0.001248
1403637133038319104.000000000 9.000000 0.000213 0.000480 -0.000012 0.000197 -0.000777 -0.001248
1403637133038319104.000000000 9.000000 0.000213 0.000480 -0.000012 0.000197 -0.000777 -0.001248
1403637133088318976.000000000 9.000000 0.000181 0.000640 0.001001 -0.000362 -0.000609 -0.000736
1403637133088318976.000000000 10.000000 0.000201 0.000514 0.000547 -0.786913 0.033071 0.003693
1403637133088318976.000000000 10.000000 0.000201 0.000514 0.000547 -0.786913 0.033071 0.003693
1403637133088318976.000000000 10.000000 0.000201 0.000514 0.000547 -0.786913 0.033071 0.003693
1403637133088318976.000000000 10.000000 0.000201 0.000514 0.000547 -0.786913 0.033071 0.003693
1403637133138319104.000000000 10.000000 -1.215900 -0.463137 0.265544 -0.786419 -0.017992 0.046067
1403637133138319104.000000000 10.000000 -1.215900 -0.463137 0.265544 -0.786419 -0.017992 0.046067
1403637133138319104.000000000 10.000000 -1.215900 -0.463137 0.265544 -0.786419 -0.017992 0.046067
1403637133138319104.000000000 10.000000 -1.215900 -0.463137 0.265544 -0.786419 -0.017992 0.046067
1403637133138319104.000000000 10.000000 -1.215900 -0.463137 0.265544 -0.786419 -0.017992 0.046067
1403637133188318976.000000000 10.000000 -1.215648 -0.464706 0.265429 -0.786279 -0.018418 0.044992
1403637133188318976.000000000 10.000000 -1.215648 -0.464706 0.265429 -0.786279 -0.018418 0.044992
1403637133188318976.000000000 10.000000 -1.215648 -0.464706 0.265429 -0.786279 -0.018418 0.044992
1403637133188318976.000000000 10.000000 -1.215648 -0.464706 0.265429 -0.786279 -0.018418 0.044992
1403637133188318976.000000000 10.000000 -1.215648 -0.464706 0.265429 -0.786279 -0.018418 0.044992
1403637133238318848.000000000 10.000000 -1.214833 -0.471743 0.259831 -0.786339 -0.019397 0.041179
1403637133238318848.000000000 11.000000 -1.214834 -0.471727 0.259853 -0.786336 -0.019400 0.041184
1403637133238318848.000000000 11.000000 -1.214834 -0.471727 0.259853 -0.786336 -0.019400 0.041184
1403637133238318848.000000000 11.000000 -1.214834 -0.471727 0.259853 -0.786336 -0.019400 0.041184
1403637133238318848.000000000 11.000000 -1.214834 -0.471727 0.259853 -0.786336 -0.019400 0.041184
1403637133288319232.000000000 11.000000 -1.213533 -0.477344 0.255855 -0.786776 -0.020448 0.038322
1403637133288319232.000000000 11.000000 -1.213540 -0.477330 0.255848 -0.786773 -0.020442 0.038320
1403637133288319232.000000000 11.000000 -1.213540 -0.477330 0.255848 -0.786773 -0.020442 0.038320
1403637133288319232.000000000 11.000000 -1.213540 -0.477330 0.255848 -0.786773 -0.020442 0.038320
1403637133288319232.000000000 11.000000 -1.213540 -0.477330 0.255848 -0.786773 -0.020442 0.038320
1403637133288319232.000000000 11.000000 -1.213540 -0.477330 0.255848 -0.786773 -0.020442 0.038320
1403637133338319104.000000000 12.000000 -1.213685 -0.477939 0.252671 -0.787504 -0.020435 0.036448
1403637133338319104.000000000 12.000000 -1.213685 -0.477939 0.252671 -0.787504 -0.020435 0.036448
1403637133338319104.000000000 12.000000 -1.213685 -0.477939 0.252671 -0.787504 -0.020435 0.036448
1403637133338319104.000000000 12.000000 -1.213685 -0.477939 0.252671 -0.787504 -0.020435 0.036448
1403637133388318976.000000000 12.000000 -1.216801 -0.473839 0.244263 -0.788717 -0.018248 0.033555
1403637133388318976.000000000 12.000000 -1.216801 -0.473839 0.244263 -0.788717 -0.018248 0.033555
1403637133388318976.000000000 12.000000 -1.216801 -0.473839 0.244263 -0.788717 -0.018248 0.033555
1403637133388318976.000000000 12.000000 -1.216801 -0.473839 0.244263 -0.788717 -0.018248 0.033555
1403637133388318976.000000000 12.000000 -1.216801 -0.473839 0.244263 -0.788717 -0.018248 0.033555
1403637133438318848.000000000 12.000000 -1.219082 -0.469916 0.236917 -0.790623 -0.016321 0.031712
1403637133438318848.000000000 12.000000 -1.219082 -0.469916 0.236917 -0.790623 -0.016321 0.031712
1403637133438318848.000000000 12.000000 -1.219082 -0.469916 0.236917 -0.790623 -0.016321 0.031712
1403637133438318848.000000000 12.000000 -1.219082 -0.469916 0.236917 -0.790623 -0.016321 0.031712
1403637133438318848.000000000 12.000000 -1.219082 -0.469916 0.236917 -0.790623 -0.016321 0.031712
1403637133488318976.000000000 12.000000 -1.219716 -0.466445 0.236238 -0.793302 -0.015836 0.032697
1403637133488318976.000000000 13.000000 -1.219716 -0.466445 0.236238 -0.793302 -0.015836 0.032697
1403637133488318976.000000000 13.000000 -1.219716 -0.466445 0.236238 -0.793302 -0.015836 0.032697
1403637133488318976.000000000 13.000000 -1.219716 -0.466445 0.236238 -0.793302 -0.015836 0.032697
1403637133488318976.000000000 13.000000 -1.219716 -0.466445 0.236238 -0.793302 -0.015836 0.032697
1403637133538319104.000000000 14.000000 -1.223080 -0.462264 0.226881 -0.796383 -0.013571 0.031958
1403637133538319104.000000000 14.000000 -1.223080 -0.462264 0.226881 -0.796383 -0.013571 0.031958
1403637133538319104.000000000 14.000000 -1.223080 -0.462264 0.226881 -0.796383 -0.013571 0.031958
1403637133538319104.000000000 14.000000 -1.223080 -0.462264 0.226881 -0.796383 -0.013571 0.031958
1403637133538319104.000000000 14.000000 -1.223080 -0.462264 0.226881 -0.796383 -0.013571 0.031958
1403637133588318976.000000000 14.000000 -1.226893 -0.457875 0.219231 -0.799282 -0.011141 0.031296
1403637133588318976.000000000 14.000000 -1.226893 -0.457875 0.219231 -0.799282 -0.011141 0.031296
1403637133588318976.000000000 14.000000 -1.226893 -0.457875 0.219231 -0.799282 -0.011141 0.031296
1403637133588318976.000000000 14.000000 -1.226893 -0.457875 0.219231 -0.799282 -0.011141 0.031296
1403637133588318976.000000000 14.000000 -1.226893 -0.457875 0.219231 -0.799282 -0.011141 0.031296
1403637133638319104.000000000 15.000000 -1.230587 -0.454713 0.211416 -0.801243 -0.009141 0.029598
1403637133638319104.000000000 15.000000 -1.230587 -0.454713 0.211416 -0.801243 -0.009141 0.029598
1403637133638319104.000000000 15.000000 -1.230587 -0.454713 0.211416 -0.801243 -0.009141 0.029598
1403637133638319104.000000000 15.000000 -1.230587 -0.454713 0.211416 -0.801243 -0.009141 0.029598
1403637133638319104.000000000 15.000000 -1.230587 -0.454713 0.211416 -0.801243 -0.009141 0.029598
1403637133688318976.000000000 15.000000 -1.233038 -0.452850 0.205333 -0.802381 -0.008597 0.026594
1403637133688318976.000000000 15.000000 -1.233038 -0.452850 0.205333 -0.802381 -0.008597 0.026594
1403637133688318976.000000000 15.000000 -1.233038 -0.452850 0.205333 -0.802381 -0.008597 0.026594
1403637133688318976.000000000 15.000000 -1.233038 -0.452850 0.205333 -0.802381 -0.008597 0.026594
1403637133688318976.000000000 15.000000 -1.233038 -0.452850 0.205333 -0.802381 -0.008597 0.026594
1403637133738318848.000000000 15.000000 -1.235617 -0.446411 0.203320 -0.802740 -0.007626 0.024487
1403637133738318848.000000000 15.000000 -1.235617 -0.446411 0.203320 -0.802740 -0.007626 0.024487
1403637133738318848.000000000 15.000000 -1.235617 -0.446411 0.203320 -0.802740 -0.007626 0.024487
1403637133738318848.000000000 15.000000 -1.235617 -0.446411 0.203320 -0.802740 -0.007626 0.024487
1403637133738318848.000000000 15.000000 -1.235617 -0.446411 0.203320 -0.802740 -0.007626 0.024487
1403637133788319232.000000000 16.000000 -1.238418 -0.435249 0.201519 -0.802737 -0.005889 0.022159
1403637133788319232.000000000 16.000000 -1.238418 -0.435249 0.201519 -0.802737 -0.005889 0.022159
1403637133788319232.000000000 16.000000 -1.238418 -0.435249 0.201519 -0.802737 -0.005889 0.022159
1403637133788319232.000000000 16.000000 -1.238418 -0.435249 0.201519 -0.802737 -0.005889 0.022159
1403637133788319232.000000000 16.000000 -1.238418 -0.435249 0.201519 -0.802737 -0.005889 0.022159
1403637133838319104.000000000 16.000000 -1.242326 -0.419246 0.192704 -0.803641 -0.002506 0.018325
1403637133838319104.000000000 16.000000 -1.242326 -0.419246 0.192704 -0.803641 -0.002506 0.018325
1403637133838319104.000000000 16.000000 -1.242326 -0.419246 0.192704 -0.803641 -0.002506 0.018325
1403637133838319104.000000000 16.000000 -1.242326 -0.419246 0.192704 -0.803641 -0.002506 0.018325
1403637133838319104.000000000 16.000000 -1.242326 -0.419246 0.192704 -0.803641 -0.002506 0.018325
1403637133888318976.000000000 16.000000 -1.246245 -0.397564 0.183814 -0.805476 0.001469 0.014848
1403637133888318976.000000000 16.000000 -1.246245 -0.397564 0.183814 -0.805476 0.001469 0.014848
1403637133888318976.000000000 16.000000 -1.246245 -0.397564 0.183814 -0.805476 0.001469 0.014848
1403637133888318976.000000000 16.000000 -1.246245 -0.397564 0.183814 -0.805476 0.001469 0.014848
1403637133888318976.000000000 16.000000 -1.246245 -0.397564 0.183814 -0.805476 0.001469 0.014848
1403637133938318848.000000000 16.000000 -1.248967 -0.369206 0.181383 -0.807162 0.004923 0.013180
1403637133938318848.000000000 16.000000 -1.248967 -0.369206 0.181383 -0.807162 0.004923 0.013180
1403637133938318848.000000000 16.000000 -1.248967 -0.369206 0.181383 -0.807162 0.004923 0.013180
1403637133938318848.000000000 16.000000 -1.248967 -0.369206 0.181383 -0.807162 0.004923 0.013180
1403637133938318848.000000000 16.000000 -1.248967 -0.369206 0.181383 -0.807162 0.004923 0.013180
1403637133988318976.000000000 16.000000 -1.249983 -0.341921 0.180029 -0.807988 0.007128 0.009837
1403637133988318976.000000000 17.000000 -1.249983 -0.341921 0.180029 -0.807988 0.007128 0.009837
1403637133988318976.000000000 17.000000 -1.249983 -0.341921 0.180029 -0.807988 0.007128 0.009837
1403637133988318976.000000000 17.000000 -1.249983 -0.341921 0.180029 -0.807988 0.007128 0.009837
1403637133988318976.000000000 17.000000 -1.249983 -0.341921 0.180029 -0.807988 0.007128 0.009837
1403637134038319104.000000000 17.000000 -1.250372 -0.312819 0.182035 -0.807833 0.008384 0.006867
1403637134038319104.000000000 17.000000 -1.250372 -0.312819 0.182035 -0.807833 0.008384 0.006867
1403637134038319104.000000000 17.000000 -1.250372 -0.312819 0.182035 -0.807833 0.008384 0.006867
1403637134038319104.000000000 17.000000 -1.250372 -0.312819 0.182035 -0.807833 0.008384 0.006867
1403637134038319104.000000000 17.000000 -1.250372 -0.312819 0.182035 -0.807833 0.008384 0.006867
1403637134088318976.000000000 17.000000 -1.249560 -0.290535 0.181854 -0.807417 0.008226 0.001240
1403637134088318976.000000000 17.000000 -1.249560 -0.290535 0.181854 -0.807417 0.008226 0.001240
1403637134088318976.000000000 17.000000 -1.249560 -0.290535 0.181854 -0.807417 0.008226 0.001240
1403637134088318976.000000000 17.000000 -1.249560 -0.290535 0.181854 -0.807417 0.008226 0.001240
1403637134088318976.000000000 17.000000 -1.249560 -0.290535 0.181854 -0.807417 0.008226 0.001240
1403637134138319104.000000000 17.000000 -1.249196 -0.269099 0.179060 -0.806676 0.008411 -0.005484
1403637134138319104.000000000 17.000000 -1.249196 -0.269099 0.179060 -0.806676 0.008411 -0.005484
1403637134138319104.000000000 17.000000 -1.249196 -0.269099 0.179060 -0.806676 0.008411 -0.005484
1403637134138319104.000000000 17.000000 -1.249196 -0.269099 0.179060 -0.806676 0.008411 -0.005484
1403637134138319104.000000000 17.000000 -1.249196 -0.269099 0.179060 -0.806676 0.008411 -0.005484
1403637134188318976.000000000 17.000000 -1.249281 -0.248429 0.175025 -0.805112 0.008499 -0.012764
1403637134188318976.000000000 18.000000 -1.249281 -0.248429 0.175025 -0.805112 0.008499 -0.012764
1403637134188318976.000000000 18.000000 -1.249281 -0.248429 0.175025 -0.805112 0.008499 -0.012764
1403637134188318976.000000000 18.000000 -1.249281 -0.248429 0.175025 -0.805112 0.008499 -0.012764
1403637134188318976.000000000 18.000000 -1.249281 -0.248429 0.175025 -0.805112 0.008499 -0.012764
1403637134238318848.000000000 18.000000 -1.248720 -0.225347 0.170616 -0.801484 0.009307 -0.019839
1403637134238318848.000000000 18.000000 -1.248723 -0.225342 0.170588 -0.801484 0.009314 -0.019846
1403637134238318848.000000000 18.000000 -1.248723 -0.225342 0.170588 -0.801484 0.009314 -0.019846
1403637134238318848.000000000 18.000000 -1.248723 -0.225342 0.170588 -0.801484 0.009314 -0.019846
1403637134238318848.000000000 18.000000 -1.248723 -0.225342 0.170588 -0.801484 0.009314 -0.019846
1403637134288319232.000000000 18.000000 -1.248607 -0.196780 0.176789 -0.796764 0.009770 -0.022110
1403637134288319232.000000000 18.000000 -1.248618 -0.196776 0.176725 -0.796763 0.009786 -0.022128
1403637134288319232.000000000 18.000000 -1.248618 -0.196776 0.176725 -0.796763 0.009786 -0.022128
1403637134288319232.000000000 18.000000 -1.248618 -0.196776 0.176725 -0.796763 0.009786 -0.022128
1403637134288319232.000000000 18.000000 -1.248618 -0.196776 0.176725 -0.796763 0.009786 -0.022128
1403637134288319232.000000000 18.000000 -1.248618 -0.196776 0.176725 -0.796763 0.009786 -0.022128
1403637134338319104.000000000 18.000000 -1.248560 -0.169778 0.184188 -0.791471 0.010014 -0.023190
1403637134338319104.000000000 18.000000 -1.248560 -0.169778 0.184188 -0.791471 0.010014 -0.023190
1403637134338319104.000000000 18.000000 -1.248560 -0.169778 0.184188 -0.791471 0.010014 -0.023190
1403637134338319104.000000000 18.000000 -1.248560 -0.169778 0.184188 -0.791471 0.010014 -0.023190
1403637134338319104.000000000 18.000000 -1.248560 -0.169778 0.184188 -0.791471 0.010014 -0.023190
1403637134388318976.000000000 18.000000 -1.248889 -0.145329 0.189607 -0.786022 0.010793 -0.023750
1403637134388318976.000000000 18.000000 -1.248889 -0.145329 0.189607 -0.786022 0.010793 -0.023750
1403637134388318976.000000000 18.000000 -1.248889 -0.145329 0.189607 -0.786022 0.010793 -0.023750
1403637134388318976.000000000 18.000000 -1.248889 -0.145329 0.189607 -0.786022 0.010793 -0.023750
1403637134388318976.000000000 18.000000 -1.248889 -0.145329 0.189607 -0.786022 0.010793 -0.023750
1403637134438318848.000000000 18.000000 -1.250117 -0.122549 0.188714 -0.781843 0.014170 -0.023841
1403637134438318848.000000000 18.000000 -1.250117 -0.122549 0.188714 -0.781843 0.014170 -0.023841
1403637134438318848.000000000 18.000000 -1.250117 -0.122549 0.188714 -0.781843 0.014170 -0.023841
1403637134438318848.000000000 18.000000 -1.250117 -0.122549 0.188714 -0.781843 0.014170 -0.023841
1403637134438318848.000000000 18.000000 -1.250117 -0.122549 0.188714 -0.781843 0.014170 -0.023841
1403637134488318976.000000000 18.000000 -1.250750 -0.101831 0.189355 -0.779301 0.018466 -0.020971
1403637134488318976.000000000 18.000000 -1.250750 -0.101831 0.189355 -0.779301 0.018466 -0.020971
1403637134488318976.000000000 18.000000 -1.250750 -0.101831 0.189355 -0.779301 0.018466 -0.020971
1403637134488318976.000000000 18.000000 -1.250750 -0.101831 0.189355 -0.779301 0.018466 -0.020971
1403637134488318976.000000000 18.000000 -1.250750 -0.101831 0.189355 -0.779301 0.018466 -0.020971
1403637134538319104.000000000 18.000000 -1.251794 -0.096094 0.184972 -0.779176 0.021749 -0.019731
1403637134538319104.000000000 18.000000 -1.251794 -0.096094 0.184972 -0.779176 0.021749 -0.019731
1403637134538319104.000000000 18.000000 -1.251794 -0.096094 0.184972 -0.779176 0.021749 -0.019731
1403637134538319104.000000000 18.000000 -1.251794 -0.096094 0.184972 -0.779176 0.021749 -0.019731
1403637134538319104.000000000 18.000000 -1.251794 -0.096094 0.184972 -0.779176 0.021749 -0.019731
1403637134588318976.000000000 18.000000 -1.253602 -0.107053 0.177203 -0.781105 0.023073 -0.020236
1403637134588318976.000000000 18.000000 -1.253602 -0.107053 0.177203 -0.781105 0.023073 -0.020236
1403637134588318976.000000000 18.000000 -1.253602 -0.107053 0.177203 -0.781105 0.023073 -0.020236
1403637134588318976.000000000 18.000000 -1.253602 -0.107053 0.177203 -0.781105 0.023073 -0.020236
1403637134588318976.000000000 18.000000 -1.253602 -0.107053 0.177203 -0.781105 0.023073 -0.020236
1403637134638319104.000000000 18.000000 -1.255867 -0.133195 0.166216 -0.784648 0.022493 -0.022317
1403637134638319104.000000000 18.000000 -1.255867 -0.133195 0.166216 -0.784648 0.022493 -0.022317
1403637134638319104.000000000 18.000000 -1.255867 -0.133195 0.166216 -0.784648 0.022493 -0.022317
1403637134638319104.000000000 18.000000 -1.255867 -0.133195 0.166216 -0.784648 0.022493 -0.022317
1403637134638319104.000000000 18.000000 -1.255867 -0.133195 0.166216 -0.784648 0.022493 -0.022317
1403637134688318976.000000000 19.000000 -1.257889 -0.168333 0.154336 -0.789327 0.021017 -0.023992
1403637134688318976.000000000 19.000000 -1.257889 -0.168333 0.154336 -0.789327 0.021017 -0.023992
1403637134688318976.000000000 19.000000 -1.257889 -0.168333 0.154336 -0.789327 0.021017 -0.023992
1403637134688318976.000000000 19.000000 -1.257889 -0.168333 0.154336 -0.789327 0.021017 -0.023992
1403637134688318976.000000000 19.000000 -1.257889 -0.168333 0.154336 -0.789327 0.021017 -0.023992
1403637134738318848.000000000 19.000000 -1.260926 -0.208522 0.146122 -0.795520 0.018971 -0.022705
1403637134738318848.000000000 19.000000 -1.260926 -0.208522 0.146122 -0.795520 0.018971 -0.022705
1403637134738318848.000000000 19.000000 -1.260926 -0.208522 0.146122 -0.795520 0.018971 -0.022705
1403637134738318848.000000000 19.000000 -1.260926 -0.208522 0.146122 -0.795520 0.018971 -0.022705
1403637134738318848.000000000 19.000000 -1.260926 -0.208522 0.146122 -0.795520 0.018971 -0.022705
1403637134788319232.000000000 19.000000 -1.260774 -0.251315 0.136932 -0.802902 0.016626 -0.020970
1403637134788319232.000000000 19.000000 -1.260774 -0.251315 0.136932 -0.802902 0.016626 -0.020970
1403637134788319232.000000000 19.000000 -1.260774 -0.251315 0.136932 -0.802902 0.016626 -0.020970
1403637134788319232.000000000 19.000000 -1.260774 -0.251315 0.136932 -0.802902 0.016626 -0.020970
1403637134788319232.000000000 19.000000 -1.260774 -0.251315 0.136932 -0.802902 0.016626 -0.020970
1403637134838319104.000000000 19.000000 -1.261403 -0.288351 0.125688 -0.810834 0.016602 -0.017632
1403637134838319104.000000000 19.000000 -1.261403 -0.288351 0.125688 -0.810834 0.016602 -0.017632
1403637134838319104.000000000 19.000000 -1.261403 -0.288351 0.125688 -0.810834 0.016602 -0.017632
1403637134838319104.000000000 19.000000 -1.261403 -0.288351 0.125688 -0.810834 0.016602 -0.017632
1403637134838319104.000000000 19.000000 -1.261403 -0.288351 0.125688 -0.810834 0.016602 -0.017632
1403637134888318976.000000000 19.000000 -1.261991 -0.323291 0.114919 -0.818507 0.016631 -0.013748
1403637134888318976.000000000 20.000000 -1.261991 -0.323291 0.114919 -0.818507 0.016631 -0.013748
1403637134888318976.000000000 20.000000 -1.261991 -0.323291 0.114919 -0.818507 0.016631 -0.013748
1403637134888318976.000000000 20.000000 -1.261991 -0.323291 0.114919 -0.818507 0.016631 -0.013748
1403637134888318976.000000000 20.000000 -1.261991 -0.323291 0.114919 -0.818507 0.016631 -0.013748
1403637134938318848.000000000 20.000000 -1.267549 -0.345706 0.093254 -0.824587 0.018851 -0.010195
1403637134938318848.000000000 20.000000 -1.267549 -0.345706 0.093254 -0.824587 0.018851 -0.010195
1403637134938318848.000000000 20.000000 -1.267549 -0.345706 0.093254 -0.824587 0.018851 -0.010195
1403637134938318848.000000000 20.000000 -1.267549 -0.345706 0.093254 -0.824587 0.018851 -0.010195
1403637134938318848.000000000 20.000000 -1.267549 -0.345706 0.093254 -0.824587 0.018851 -0.010195
1403637134988318976.000000000 20.000000 -1.270002 -0.366310 0.086473 -0.828124 0.020752 -0.005526
1403637134988318976.000000000 20.000000 -1.270002 -0.366310 0.086473 -0.828124 0.020752 -0.005526
1403637134988318976.000000000 20.000000 -1.270002 -0.366310 0.086473 -0.828124 0.020752 -0.005526
1403637134988318976.000000000 20.000000 -1.270002 -0.366310 0.086473 -0.828124 0.020752 -0.005526
1403637134988318976.000000000 20.000000 -1.270002 -0.366310 0.086473 -0.828124 0.020752 -0.005526
1403637135038319104.000000000 20.000000 -1.271929 -0.386238 0.079661 -0.829993 0.021951 -0.003020
1403637135038319104.000000000 21.000000 -1.271929 -0.386238 0.079661 -0.829993 0.021951 -0.003020
1403637135038319104.000000000 21.000000 -1.271929 -0.386238 0.079661 -0.829993 0.021951 -0.003020
1403637135038319104.000000000 21.000000 -1.271929 -0.386238 0.079661 -0.829993 0.021951 -0.003020
1403637135038319104.000000000 21.000000 -1.271929 -0.386238 0.079661 -0.829993 0.021951 -0.003020
1403637135088318976.000000000 21.000000 -1.274656 -0.395656 0.071855 -0.831264 0.022635 -0.001183
1403637135088318976.000000000 21.000000 -1.274656 -0.395656 0.071855 -0.831264 0.022635 -0.001183
1403637135088318976.000000000 21.000000 -1.274656 -0.395656 0.071855 -0.831264 0.022635 -0.001183
1403637135088318976.000000000 21.000000 -1.274656 -0.395656 0.071855 -0.831264 0.022635 -0.001183
1403637135088318976.000000000 21.000000 -1.274656 -0.395656 0.071855 -0.831264 0.022635 -0.001183
1403637135138319104.000000000 21.000000 -1.274512 -0.414361 0.066093 -0.832904 0.021460 -0.001434
1403637135138319104.000000000 22.000000 -1.274512 -0.414361 0.066093 -0.832904 0.021460 -0.001434
1403637135138319104.000000000 21.000000 -1.274512 -0.414361 0.066093 -0.832904 0.021460 -0.001434
1403637135138319104.000000000 21.000000 -1.274512 -0.414361 0.066093 -0.832904 0.021460 -0.001434
1403637135138319104.000000000 21.000000 -1.274512 -0.414361 0.066093 -0.832904 0.021460 -0.001434
1403637135188318976.000000000 21.000000 -1.274857 -0.425922 0.060143 -0.835595 0.019986 -0.002596
1403637135188318976.000000000 22.000000 -1.274857 -0.425922 0.060143 -0.835595 0.019986 -0.002596
1403637135188318976.000000000 22.000000 -1.274857 -0.425922 0.060143 -0.835595 0.019986 -0.002596
1403637135188318976.000000000 21.000000 -1.274857 -0.425922 0.060143 -0.835595 0.019986 -0.002596
1403637135188318976.000000000 21.000000 -1.274857 -0.425922 0.060143 -0.835595 0.019986 -0.002596
1403637135238318848.000000000 22.000000 -1.273501 -0.433015 0.053975 -0.839748 0.018524 -0.004049
1403637135238318848.000000000 22.000000 -1.273501 -0.433015 0.053975 -0.839748 0.018524 -0.004049
1403637135238318848.000000000 21.000000 -1.273501 -0.433015 0.053975 -0.839748 0.018524 -0.004049
1403637135238318848.000000000 21.000000 -1.273501 -0.433015 0.053975 -0.839748 0.018524 -0.004049
1403637135238318848.000000000 21.000000 -1.273501 -0.433015 0.053975 -0.839748 0.018524 -0.004049
1403637135288319232.000000000 22.000000 -1.273353 -0.427425 0.050112 -0.843438 0.018266 -0.005274
1403637135288319232.000000000 22.000000 -1.273353 -0.427425 0.050112 -0.843438 0.018266 -0.005274
1403637135288319232.000000000 22.000000 -1.273353 -0.427425 0.050112 -0.843438 0.018266 -0.005274
1403637135288319232.000000000 21.000000 -1.273353 -0.427425 0.050112 -0.843438 0.018266 -0.005274
1403637135288319232.000000000 21.000000 -1.273353 -0.427425 0.050112 -0.843438 0.018266 -0.005274
1403637135338319104.000000000 22.000000 -1.273675 -0.409793 0.053368 -0.844425 0.018716 -0.007022
1403637135338319104.000000000 22.000000 -1.273675 -0.409793 0.053368 -0.844425 0.018716 -0.007022
1403637135338319104.000000000 22.000000 -1.273675 -0.409793 0.053368 -0.844425 0.018716 -0.007022
1403637135338319104.000000000 21.000000 -1.273675 -0.409793 0.053368 -0.844425 0.018716 -0.007022
1403637135338319104.000000000 21.000000 -1.273675 -0.409793 0.053368 -0.844425 0.018716 -0.007022
1403637135388318976.000000000 21.000000 -1.273245 -0.385578 0.062052 -0.842072 0.018801 -0.009522
1403637135388318976.000000000 22.000000 -1.273245 -0.385578 0.062052 -0.842072 0.018801 -0.009522
1403637135388318976.000000000 22.000000 -1.273245 -0.385578 0.062052 -0.842072 0.018801 -0.009522
1403637135388318976.000000000 21.000000 -1.273245 -0.385578 0.062052 -0.842072 0.018801 -0.009522
1403637135388318976.000000000 21.000000 -1.273245 -0.385578 0.062052 -0.842072 0.018801 -0.009522
1403637135438318848.000000000 21.000000 -1.272204 -0.357949 0.075435 -0.836901 0.017873 -0.013251
1403637135438318848.000000000 21.000000 -1.272204 -0.357949 0.075435 -0.836901 0.017873 -0.013251
1403637135438318848.000000000 21.000000 -1.272204 -0.357949 0.075435 -0.836901 0.017873 -0.013251
1403637135438318848.000000000 21.000000 -1.272204 -0.357949 0.075435 -0.836901 0.017873 -0.013251
1403637135438318848.000000000 21.000000 -1.272204 -0.357949 0.075435 -0.836901 0.017873 -0.013251
1403637135488318976.000000000 22.000000 -1.271146 -0.327528 0.087775 -0.830235 0.016408 -0.018525
1403637135488318976.000000000 22.000000 -1.271146 -0.327528 0.087775 -0.830235 0.016408 -0.018525
1403637135488318976.000000000 22.000000 -1.271146 -0.327528 0.087775 -0.830235 0.016408 -0.018525
1403637135488318976.000000000 21.000000 -1.271146 -0.327528 0.087775 -0.830235 0.016408 -0.018525
1403637135488318976.000000000 21.000000 -1.271146 -0.327528 0.087775 -0.830235 0.016408 -0.018525
1403637135538319104.000000000 21.000000 -1.271009 -0.291292 0.103174 -0.823183 0.015427 -0.022244
1403637135538319104.000000000 21.000000 -1.271009 -0.291292 0.103174 -0.823183 0.015427 -0.022244
1403637135538319104.000000000 21.000000 -1.271009 -0.291292 0.103174 -0.823183 0.015427 -0.022244
1403637135538319104.000000000 21.000000 -1.271009 -0.291292 0.103174 -0.823183 0.015427 -0.022244
1403637135538319104.000000000 21.000000 -1.271009 -0.291292 0.103174 -0.823183 0.015427 -0.022244
1403637135588318976.000000000 21.000000 -1.271402 -0.255154 0.110999 -0.816678 0.014983 -0.027595
1403637135588318976.000000000 21.000000 -1.271402 -0.255154 0.110999 -0.816678 0.014983 -0.027595
1403637135588318976.000000000 21.000000 -1.271402 -0.255154 0.110999 -0.816678 0.014983 -0.027595
1403637135588318976.000000000 21.000000 -1.271402 -0.255154 0.110999 -0.816678 0.014983 -0.027595
1403637135588318976.000000000 21.000000 -1.271402 -0.255154 0.110999 -0.816678 0.014983 -0.027595
1403637135638319104.000000000 21.000000 -1.272903 -0.213483 0.115847 -0.810320 0.016608 -0.031761
1403637135638319104.000000000 21.000000 -1.272903 -0.213483 0.115847 -0.810320 0.016608 -0.031761
1403637135638319104.000000000 21.000000 -1.272903 -0.213483 0.115847 -0.810320 0.016608 -0.031761
1403637135638319104.000000000 21.000000 -1.272903 -0.213483 0.115847 -0.810320 0.016608 -0.031761
1403637135638319104.000000000 21.000000 -1.272903 -0.213483 0.115847 -0.810320 0.016608 -0.031761
1403637135688318976.000000000 21.000000 -1.274385 -0.169459 0.122412 -0.803759 0.018685 -0.033782
1403637135688318976.000000000 21.000000 -1.274385 -0.169459 0.122412 -0.803759 0.018685 -0.033782
1403637135688318976.000000000 21.000000 -1.274385 -0.169459 0.122412 -0.803759 0.018685 -0.033782
1403637135688318976.000000000 21.000000 -1.274385 -0.169459 0.122412 -0.803759 0.018685 -0.033782
1403637135688318976.000000000 21.000000 -1.274385 -0.169459 0.122412 -0.803759 0.018685 -0.033782
1403637135738318848.000000000 21.000000 -1.275095 -0.123318 0.132318 -0.797977 0.021413 -0.032457
1403637135738318848.000000000 21.000000 -1.275095 -0.123318 0.132318 -0.797977 0.021413 -0.032457
1403637135738318848.000000000 21.000000 -1.275095 -0.123318 0.132318 -0.797977 0.021413 -0.032457
1403637135738318848.000000000 21.000000 -1.275095 -0.123318 0.132318 -0.797977 0.021413 -0.032457
1403637135738318848.000000000 21.000000 -1.275095 -0.123318 0.132318 -0.797977 0.021413 -0.032457
1403637135788319232.000000000 21.000000 -1.275070 -0.080805 0.142452 -0.793073 0.024342 -0.029538
1403637135788319232.000000000 21.000000 -1.275070 -0.080805 0.142452 -0.793073 0.024342 -0.029538
1403637135788319232.000000000 21.000000 -1.275070 -0.080805 0.142452 -0.793073 0.024342 -0.029538
1403637135788319232.000000000 21.000000 -1.275070 -0.080805 0.142452 -0.793073 0.024342 -0.029538
1403637135788319232.000000000 21.000000 -1.275070 -0.080805 0.142452 -0.793073 0.024342 -0.029538
1403637135838319104.000000000 21.000000 -1.275262 -0.051428 0.148294 -0.789777 0.026363 -0.027774
1403637135838319104.000000000 22.000000 -1.275262 -0.051428 0.148294 -0.789777 0.026363 -0.027774
1403637135838319104.000000000 22.000000 -1.275262 -0.051428 0.148294 -0.789777 0.026363 -0.027774
1403637135838319104.000000000 21.000000 -1.275262 -0.051428 0.148294 -0.789777 0.026363 -0.027774
1403637135838319104.000000000 21.000000 -1.275262 -0.051428 0.148294 -0.789777 0.026363 -0.027774
1403637135888318976.000000000 21.000000 -1.276093 -0.030489 0.149704 -0.787853 0.028569 -0.025833
1403637135888318976.000000000 21.000000 -1.276097 -0.030486 0.149673 -0.787857 0.028578 -0.025841
1403637135888318976.000000000 21.000000 -1.276097 -0.030486 0.149673 -0.787857 0.028578 -0.025841
1403637135888318976.000000000 21.000000 -1.276097 -0.030486 0.149673 -0.787857 0.028578 -0.025841
1403637135888318976.000000000 21.000000 -1.276097 -0.030486 0.149673 -0.787857 0.028578 -0.025841
1403637135938318848.000000000 21.000000 -1.276746 -0.026173 0.146192 -0.787817 0.030078 -0.025712
1403637135938318848.000000000 21.000000 -1.276746 -0.026173 0.146192 -0.787817 0.030078 -0.025712
1403637135938318848.000000000 21.000000 -1.276746 -0.026173 0.146192 -0.787817 0.030078 -0.025712
1403637135938318848.000000000 21.000000 -1.276746 -0.026173 0.146192 -0.787817 0.030078 -0.025712
1403637135938318848.000000000 21.000000 -1.276746 -0.026173 0.146192 -0.787817 0.030078 -0.025712
1403637135988318976.000000000 21.000000 -1.276409 -0.034356 0.144240 -0.789217 0.030040 -0.024809
1403637135988318976.000000000 21.000000 -1.276409 -0.034356 0.144240 -0.789217 0.030040 -0.024809
1403637135988318976.000000000 21.000000 -1.276409 -0.034356 0.144240 -0.789217 0.030040 -0.024809
1403637135988318976.000000000 21.000000 -1.276409 -0.034356 0.144240 -0.789217 0.030040 -0.024809
1403637135988318976.000000000 21.000000 -1.276409 -0.034356 0.144240 -0.789217 0.030040 -0.024809
1403637136038319104.000000000 21.000000 -1.275431 -0.056558 0.140161 -0.791620 0.028710 -0.024583
1403637136038319104.000000000 21.000000 -1.275431 -0.056558 0.140161 -0.791620 0.028710 -0.024583
1403637136038319104.000000000 21.000000 -1.275431 -0.056558 0.140161 -0.791620 0.028710 -0.024583
1403637136038319104.000000000 21.000000 -1.275431 -0.056558 0.140161 -0.791620 0.028710 -0.024583
1403637136038319104.000000000 21.000000 -1.275431 -0.056558 0.140161 -0.791620 0.028710 -0.024583
1403637136088318976.000000000 21.000000 -1.274376 -0.090748 0.129768 -0.794712 0.027079 -0.026064
1403637136088318976.000000000 21.000000 -1.274410 -0.090597 0.129694 -0.794719 0.027104 -0.026064
1403637136088318976.000000000 21.000000 -1.274410 -0.090597 0.129694 -0.794719 0.027104 -0.026064
1403637136088318976.000000000 21.000000 -1.274410 -0.090597 0.129694 -0.794719 0.027104 -0.026064
1403637136088318976.000000000 21.000000 -1.274410 -0.090597 0.129694 -0.794719 0.027104 -0.026064
1403637136138319104.000000000 21.000000 -1.273269 -0.126260 0.115844 -0.798328 0.027187 -0.026453
1403637136138319104.000000000 21.000000 -1.273323 -0.125982 0.115792 -0.798329 0.027206 -0.026452
1403637136138319104.000000000 21.000000 -1.273323 -0.125982 0.115792 -0.798329 0.027206 -0.026452
1403637136138319104.000000000 21.000000 -1.273323 -0.125982 0.115792 -0.798329 0.027206 -0.026452
1403637136138319104.000000000 21.000000 -1.273323 -0.125982 0.115792 -0.798329 0.027206 -0.026452
1403637136188318976.000000000 21.000000 -1.271356 -0.175376 0.096774 -0.803220 0.025325 -0.029446
1403637136188318976.000000000 21.000000 -1.271620 -0.174954 0.096607 -0.803225 0.025355 -0.029465
1403637136188318976.000000000 21.000000 -1.271620 -0.174954 0.096607 -0.803225 0.025355 -0.029465
1403637136188318976.000000000 21.000000 -1.271620 -0.174954 0.096607 -0.803225 0.025355 -0.029465
1403637136188318976.000000000 21.000000 -1.271620 -0.174954 0.096607 -0.803225 0.025355 -0.029465
1403637136238318848.000000000 21.000000 -1.269880 -0.216032 0.079318 -0.809110 0.025903 -0.029017
1403637136238318848.000000000 21.000000 -1.270168 -0.215721 0.079267 -0.809125 0.025907 -0.029004
1403637136238318848.000000000 21.000000 -1.270168 -0.215721 0.079267 -0.809125 0.025907 -0.029004
1403637136238318848.000000000 21.000000 -1.270168 -0.215721 0.079267 -0.809125 0.025907 -0.029004
1403637136238318848.000000000 21.000000 -1.270168 -0.215721 0.079267 -0.809125 0.025907 -0.029004
1403637136288319232.000000000 21.000000 -1.268530 -0.260604 0.061831 -0.816426 0.025115 -0.028857
1403637136288319232.000000000 21.000000 -1.268530 -0.260604 0.061831 -0.816426 0.025115 -0.028857
1403637136288319232.000000000 21.000000 -1.268530 -0.260604 0.061831 -0.816426 0.025115 -0.028857
1403637136288319232.000000000 21.000000 -1.268530 -0.260604 0.061831 -0.816426 0.025115 -0.028857
1403637136288319232.000000000 21.000000 -1.268530 -0.260604 0.061831 -0.816426 0.025115 -0.028857
1403637136338319104.000000000 21.000000 -1.267337 -0.300533 0.041321 -0.823894 0.025808 -0.028610
1403637136338319104.000000000 22.000000 -1.269649 -0.297530 0.042052 -0.824010 0.025762 -0.028496
1403637136338319104.000000000 22.000000 -1.269649 -0.297530 0.042052 -0.824010 0.025762 -0.028496
1403637136338319104.000000000 21.000000 -1.269649 -0.297530 0.042052 -0.824010 0.025762 -0.028496
1403637136338319104.000000000 21.000000 -1.269649 -0.297530 0.042052 -0.824010 0.025762 -0.028496
1403637136388318976.000000000 21.000000 -1.270988 -0.328248 0.029914 -0.831232 0.026384 -0.025501
1403637136388318976.000000000 22.000000 -1.270990 -0.328244 0.029904 -0.831241 0.026386 -0.025499
1403637136388318976.000000000 22.000000 -1.270990 -0.328244 0.029904 -0.831241 0.026386 -0.025499
1403637136388318976.000000000 22.000000 -1.270990 -0.328244 0.029904 -0.831241 0.026386 -0.025499
1403637136388318976.000000000 21.000000 -1.270990 -0.328244 0.029904 -0.831241 0.026386 -0.025499
1403637136438318848.000000000 21.000000 -1.271134 -0.357668 0.017374 -0.838119 0.026655 -0.022217
1403637136438318848.000000000 22.000000 -1.271134 -0.357668 0.017374 -0.838119 0.026655 -0.022217
1403637136438318848.000000000 22.000000 -1.271134 -0.357668 0.017374 -0.838119 0.026655 -0.022217
1403637136438318848.000000000 21.000000 -1.271134 -0.357668 0.017374 -0.838119 0.026655 -0.022217
1403637136438318848.000000000 21.000000 -1.271134 -0.357668 0.017374 -0.838119 0.026655 -0.022217
1403637136488318976.000000000 21.000000 -1.272975 -0.373960 0.011403 -0.843583 0.028324 -0.016878
1403637136488318976.000000000 22.000000 -1.272980 -0.373944 0.011374 -0.843583 0.028332 -0.016885
1403637136488318976.000000000 22.000000 -1.272980 -0.373944 0.011374 -0.843583 0.028332 -0.016885
1403637136488318976.000000000 21.000000 -1.272980 -0.373944 0.011374 -0.843583 0.028332 -0.016885
1403637136488318976.000000000 21.000000 -1.272980 -0.373944 0.011374 -0.843583 0.028332 -0.016885
1403637136538319104.000000000 21.000000 -1.275972 -0.381938 0.009320 -0.847570 0.030090 -0.012404
1403637136538319104.000000000 22.000000 -1.275977 -0.381925 0.009302 -0.847571 0.030096 -0.012407
1403637136538319104.000000000 22.000000 -1.275977 -0.381925 0.009302 -0.847571 0.030096 -0.012407
1403637136538319104.000000000 21.000000 -1.275977 -0.381925 0.009302 -0.847571 0.030096 -0.012407
1403637136538319104.000000000 21.000000 -1.275977 -0.381925 0.009302 -0.847571 0.030096 -0.012407
1403637136588318976.000000000 21.000000 -1.277227 -0.387972 0.006042 -0.849981 0.030601 -0.010630
1403637136588318976.000000000 22.000000 -1.277235 -0.387965 0.006020 -0.849979 0.030606 -0.010637
1403637136588318976.000000000 22.000000 -1.277235 -0.387965 0.006020 -0.849979 0.030606 -0.010637
1403637136588318976.000000000 21.000000 -1.277235 -0.387965 0.006020 -0.849979 0.030606 -0.010637
1403637136588318976.000000000 21.000000 -1.277235 -0.387965 0.006020 -0.849979 0.030606 -0.010637
1403637136638319104.000000000 21.000000 -1.277287 -0.390787 0.005809 -0.851553 0.029609 -0.010758
1403637136638319104.000000000 22.000000 -1.277287 -0.390784 0.005801 -0.851556 0.029610 -0.010758
1403637136638319104.000000000 22.000000 -1.277287 -0.390784 0.005801 -0.851556 0.029610 -0.010758
1403637136638319104.000000000 21.000000 -1.277287 -0.390784 0.005801 -0.851556 0.029610 -0.010758
1403637136638319104.000000000 21.000000 -1.277287 -0.390784 0.005801 -0.851556 0.029610 -0.010758
1403637136688318976.000000000 21.000000 -1.275961 -0.387830 0.008700 -0.852400 0.027686 -0.012498
1403637136688318976.000000000 22.000000 -1.275961 -0.387830 0.008700 -0.852400 0.027686 -0.012498
1403637136688318976.000000000 22.000000 -1.275961 -0.387830 0.008700 -0.852400 0.027686 -0.012498
1403637136688318976.000000000 22.000000 -1.275961 -0.387830 0.008700 -0.852400 0.027686 -0.012498
1403637136688318976.000000000 21.000000 -1.275961 -0.387830 0.008700 -0.852400 0.027686 -0.012498
1403637136738318848.000000000 21.000000 -1.276278 -0.367115 0.021021 -0.852158 0.027613 -0.012019
1403637136738318848.000000000 22.000000 -1.276278 -0.367115 0.021021 -0.852158 0.027613 -0.012019
1403637136738318848.000000000 22.000000 -1.276278 -0.367115 0.021021 -0.852158 0.027613 -0.012019
1403637136738318848.000000000 21.000000 -1.276278 -0.367115 0.021021 -0.852158 0.027613 -0.012019
1403637136738318848.000000000 21.000000 -1.276278 -0.367115 0.021021 -0.852158 0.027613 -0.012019
1403637136738318848.000000000 21.000000 -1.276278 -0.367115 0.021021 -0.852158 0.027613 -0.012019
1403637136788319232.000000000 22.000000 -1.275326 -0.339882 0.037767 -0.850552 0.027100 -0.012320
1403637136788319232.000000000 22.000000 -1.275326 -0.339882 0.037767 -0.850552 0.027100 -0.012320
1403637136788319232.000000000 21.000000 -1.275326 -0.339882 0.037767 -0.850552 0.027100 -0.012320
1403637136788319232.000000000 21.000000 -1.275326 -0.339882 0.037767 -0.850552 0.027100 -0.012320
1403637136788319232.000000000 21.000000 -1.275326 -0.339882 0.037767 -0.850552 0.027100 -0.012320
1403637136838319104.000000000 21.000000 -1.274387 -0.305522 0.061320 -0.846555 0.025968 -0.012540
1403637136838319104.000000000 21.000000 -1.274387 -0.305522 0.061320 -0.846555 0.025968 -0.012540
1403637136838319104.000000000 21.000000 -1.274387 -0.305522 0.061320 -0.846555 0.025968 -0.012540
1403637136838319104.000000000 21.000000 -1.274387 -0.305522 0.061320 -0.846555 0.025968 -0.012540
1403637136838319104.000000000 21.000000 -1.274387 -0.305522 0.061320 -0.846555 0.025968 -0.012540
1403637136888318976.000000000 21.000000 -1.274163 -0.265997 0.081637 -0.840702 0.025330 -0.015144
1403637136888318976.000000000 21.000000 -1.274163 -0.265997 0.081637 -0.840702 0.025330 -0.015144
1403637136888318976.000000000 21.000000 -1.274163 -0.265997 0.081637 -0.840702 0.025330 -0.015144
1403637136888318976.000000000 21.000000 -1.274163 -0.265997 0.081637 -0.840702 0.025330 -0.015144
1403637136938318848.000000000 21.000000 -1.275786 -0.218623 0.098126 -0.833903 0.026685 -0.017905
1403637136938318848.000000000 22.000000 -1.275763 -0.218665 0.098057 -0.833935 0.026692 -0.017912
1403637136938318848.000000000 22.000000 -1.275763 -0.218665 0.098057 -0.833935 0.026692 -0.017912
1403637136938318848.000000000 21.000000 -1.275763 -0.218665 0.098057 -0.833935 0.026692 -0.017912
1403637136938318848.000000000 21.000000 -1.275763 -0.218665 0.098057 -0.833935 0.026692 -0.017912
1403637136988318976.000000000 21.000000 -1.278310 -0.172783 0.102334 -0.826998 0.029090 -0.023813
1403637136988318976.000000000 21.000000 -1.278312 -0.172773 0.102304 -0.827003 0.029098 -0.023818
1403637136988318976.000000000 21.000000 -1.278312 -0.172773 0.102304 -0.827003 0.029098 -0.023818
1403637136988318976.000000000 21.000000 -1.278312 -0.172773 0.102304 -0.827003 0.029098 -0.023818
1403637136988318976.000000000 21.000000 -1.278312 -0.172773 0.102304 -0.827003 0.029098 -0.023818
1403637137038319104.000000000 21.000000 0.000000 0.000000 0.000000 0.000000 0.000000 0.000000
1403637137038319104.000000000 21.000000 -1.281618 -0.121439 0.107316 -0.819690 0.033241 -0.027552
1403637137038319104.000000000 21.000000 -1.281618 -0.121439 0.107316 -0.819690 0.033241 -0.027552
1403637137038319104.000000000 21.000000 -1.281618 -0.121439 0.107316 -0.819690 0.033241 -0.027552
1403637137038319104.000000000 21.000000 -1.281618 -0.121439 0.107316 -0.819690 0.033241 -0.027552
1403637137088318976.000000000 21.000000 -1.284203 -0.071773 0.110181 -0.812219 0.037793 -0.030267
1403637137088318976.000000000 21.000000 -1.284180 -0.071759 0.110189 -0.812240 0.037800 -0.030251
1403637137088318976.000000000 21.000000 -1.284180 -0.071759 0.110189 -0.812240 0.037800 -0.030251
1403637137088318976.000000000 21.000000 -1.284180 -0.071759 0.110189 -0.812240 0.037800 -0.030251
1403637137088318976.000000000 21.000000 -1.284180 -0.071759 0.110189 -0.812240 0.037800 -0.030251
1403637137138319104.000000000 21.000000 -1.284338 -0.020469 0.119708 -0.804968 0.042633 -0.027803
1403637137138319104.000000000 21.000000 -1.284346 -0.020439 0.119708 -0.804990 0.042633 -0.027794
1403637137138319104.000000000 21.000000 -1.284346 -0.020439 0.119708 -0.804990 0.042633 -0.027794
1403637137138319104.000000000 21.000000 -1.284346 -0.020439 0.119708 -0.804990 0.042633 -0.027794
1403637137138319104.000000000 21.000000 -1.284346 -0.020439 0.119708 -0.804990 0.042633 -0.027794
1403637137188318976.000000000 21.000000 -1.282828 0.019446 0.130596 -0.798860 0.045624 -0.023957
1403637137188318976.000000000 22.000000 -1.282843 0.019506 0.130591 -0.798886 0.045635 -0.023944
1403637137188318976.000000000 22.000000 -1.282843 0.019506 0.130591 -0.798886 0.045635 -0.023944
1403637137188318976.000000000 22.000000 -1.282843 0.019506 0.130591 -0.798886 0.045635 -0.023944
1403637137188318976.000000000 21.000000 -1.282843 0.019506 0.130591 -0.798886 0.045635 -0.023944
1403637137238318848.000000000 21.000000 -1.282881 0.037204 0.138322 -0.794367 0.045051 -0.022267
1403637137238318848.000000000 21.000000 -1.282882 0.037211 0.138318 -0.794370 0.045055 -0.022266
1403637137238318848.000000000 21.000000 -1.282882 0.037211 0.138318 -0.794370 0.045055 -0.022266
1403637137238318848.000000000 21.000000 -1.282882 0.037211 0.138318 -0.794370 0.045055 -0.022266
1403637137238318848.000000000 21.000000 -1.282882 0.037211 0.138318 -0.794370 0.045055 -0.022266
1403637137288319232.000000000 21.000000 -1.283855 0.040689 0.138464 -0.791424 0.044484 -0.022465
1403637137288319232.000000000 21.000000 -1.283853 0.040690 0.138482 -0.791435 0.044484 -0.022458
1403637137288319232.000000000 21.000000 -1.283853 0.040690 0.138482 -0.791435 0.044484 -0.022458
1403637137288319232.000000000 21.000000 -1.283853 0.040690 0.138482 -0.791435 0.044484 -0.022458
1403637137288319232.000000000 21.000000 -1.283853 0.040690 0.138482 -0.791435 0.044484 -0.022458
1403637137288319232.000000000 21.000000 -1.283853 0.040690 0.138482 -0.791435 0.044484 -0.022458
1403637137338319104.000000000 21.000000 -1.285188 0.032032 0.134612 -0.789288 0.043692 -0.023320
1403637137338319104.000000000 21.000000 -1.285188 0.032032 0.134612 -0.789288 0.043692 -0.023320
1403637137338319104.000000000 21.000000 -1.285188 0.032032 0.134612 -0.789288 0.043692 -0.023320
1403637137338319104.000000000 21.000000 -1.285188 0.032032 0.134612 -0.789288 0.043692 -0.023320
1403637137388318976.000000000 21.000000 -1.285726 0.012151 0.130887 -0.788256 0.042148 -0.023526
1403637137388318976.000000000 21.000000 -1.285726 0.012151 0.130887 -0.788256 0.042148 -0.023526
1403637137388318976.000000000 21.000000 -1.285726 0.012151 0.130887 -0.788256 0.042148 -0.023526
1403637137388318976.000000000 21.000000 -1.285726 0.012151 0.130887 -0.788256 0.042148 -0.023526
1403637137388318976.000000000 21.000000 -1.285726 0.012151 0.130887 -0.788256 0.042148 -0.023526
1403637137438318848.000000000 21.000000 -1.285499 -0.013202 0.127376 -0.788571 0.041070 -0.022071
1403637137438318848.000000000 21.000000 -1.285521 -0.013084 0.127313 -0.788581 0.041072 -0.022063
1403637137438318848.000000000 21.000000 -1.285521 -0.013084 0.127313 -0.788581 0.041072 -0.022063
1403637137438318848.000000000 21.000000 -1.285521 -0.013084 0.127313 -0.788581 0.041072 -0.022063
1403637137438318848.000000000 21.000000 -1.285521 -0.013084 0.127313 -0.788581 0.041072 -0.022063
1403637137488318976.000000000 21.000000 -1.285679 -0.055031 0.116975 -0.791370 0.038612 -0.023769
1403637137488318976.000000000 21.000000 -1.285679 -0.055031 0.116975 -0.791370 0.038612 -0.023769
1403637137488318976.000000000 21.000000 -1.285679 -0.055031 0.116975 -0.791370 0.038612 -0.023769
1403637137488318976.000000000 21.000000 -1.285679 -0.055031 0.116975 -0.791370 0.038612 -0.023769
1403637137488318976.000000000 21.000000 -1.285679 -0.055031 0.116975 -0.791370 0.038612 -0.023769
1403637137538319104.000000000 21.000000 -1.284633 -0.105983 0.105703 -0.796273 0.035206 -0.025621
1403637137538319104.000000000 21.000000 -1.284718 -0.105577 0.105470 -0.796299 0.035245 -0.025629
1403637137538319104.000000000 21.000000 -1.284718 -0.105577 0.105470 -0.796299 0.035245 -0.025629
1403637137538319104.000000000 21.000000 -1.284718 -0.105577 0.105470 -0.796299 0.035245 -0.025629
1403637137538319104.000000000 21.000000 -1.284718 -0.105577 0.105470 -0.796299 0.035245 -0.025629
1403637137588318976.000000000 21.000000 -1.283317 -0.164453 0.085081 -0.803169 0.032057 -0.030151
1403637137588318976.000000000 21.000000 -1.283317 -0.164453 0.085081 -0.803169 0.032057 -0.030151
1403637137588318976.000000000 21.000000 -1.283317 -0.164453 0.085081 -0.803169 0.032057 -0.030151
1403637137588318976.000000000 21.000000 -1.283317 -0.164453 0.085081 -0.803169 0.032057 -0.030151
1403637137588318976.000000000 21.000000 -1.283317 -0.164453 0.085081 -0.803169 0.032057 -0.030151
1403637137638319104.000000000 21.000000 -1.281098 -0.221812 0.058513 -0.811637 0.030339 -0.034631
1403637137638319104.000000000 21.000000 -1.281098 -0.221812 0.058513 -0.811637 0.030339 -0.034631
1403637137638319104.000000000 21.000000 -1.281098 -0.221812 0.058513 -0.811637 0.030339 -0.034631
1403637137638319104.000000000 21.000000 -1.281098 -0.221812 0.058513 -0.811637 0.030339 -0.034631
1403637137638319104.000000000 21.000000 -1.281098 -0.221812 0.058513 -0.811637 0.030339 -0.034631
1403637137688318976.000000000 21.000000 -1.279038 -0.269336 0.032563 -0.820032 0.030846 -0.036360
1403637137688318976.000000000 22.000000 -1.278853 -0.268436 0.031827 -0.820079 0.030858 -0.036363
1403637137688318976.000000000 22.000000 -1.278853 -0.268436 0.031827 -0.820079 0.030858 -0.036363
1403637137688318976.000000000 22.000000 -1.278853 -0.268436 0.031827 -0.820079 0.030858 -0.036363
1403637137688318976.000000000 21.000000 -1.278853 -0.268436 0.031827 -0.820079 0.030858 -0.036363
1403637137738318848.000000000 21.000000 -1.276986 -0.307215 0.014294 -0.827632 0.031261 -0.034224
1403637137738318848.000000000 21.000000 -1.276986 -0.307215 0.014294 -0.827632 0.031261 -0.034224
1403637137738318848.000000000 21.000000 -1.276986 -0.307215 0.014294 -0.827632 0.031261 -0.034224
1403637137738318848.000000000 21.000000 -1.276986 -0.307215 0.014294 -0.827632 0.031261 -0.034224
1403637137738318848.000000000 21.000000 -1.276986 -0.307215 0.014294 -0.827632 0.031261 -0.034224
1403637137788319232.000000000 21.000000 -1.275694 -0.340131 0.004796 -0.833554 0.031271 -0.030336
1403637137788319232.000000000 22.000000 -1.275694 -0.340131 0.004796 -0.833554 0.031271 -0.030336
1403637137788319232.000000000 22.000000 -1.275694 -0.340131 0.004796 -0.833554 0.031271 -0.030336
1403637137788319232.000000000 21.000000 -1.275694 -0.340131 0.004796 -0.833554 0.031271 -0.030336
1403637137788319232.000000000 21.000000 -1.275694 -0.340131 0.004796 -0.833554 0.031271 -0.030336
1403637137838319104.000000000 21.000000 -1.274496 -0.366524 -0.000140 -0.838337 0.030638 -0.026171
1403637137838319104.000000000 22.000000 -1.274495 -0.366523 -0.000129 -0.838341 0.030634 -0.026166
1403637137838319104.000000000 22.000000 -1.274495 -0.366523 -0.000129 -0.838341 0.030634 -0.026166
1403637137838319104.000000000 22.000000 -1.274495 -0.366523 -0.000129 -0.838341 0.030634 -0.026166
1403637137838319104.000000000 21.000000 -1.274495 -0.366523 -0.000129 -0.838341 0.030634 -0.026166
1403637137888318976.000000000 21.000000 -1.273495 -0.391472 -0.000651 -0.842761 0.028907 -0.022340
1403637137888318976.000000000 22.000000 -1.273495 -0.391472 -0.000651 -0.842761 0.028907 -0.022340
1403637137888318976.000000000 22.000000 -1.273495 -0.391472 -0.000651 -0.842761 0.028907 -0.022340
1403637137888318976.000000000 21.000000 -1.273495 -0.391472 -0.000651 -0.842761 0.028907 -0.022340
1403637137888318976.000000000 21.000000 -1.273495 -0.391472 -0.000651 -0.842761 0.028907 -0.022340
1403637137938318848.000000000 21.000000 -1.272963 -0.412255 -0.007035 -0.847157 0.027212 -0.021647
1403637137938318848.000000000 22.000000 -1.272963 -0.412255 -0.007035 -0.847157 0.027212 -0.021647
1403637137938318848.000000000 22.000000 -1.272963 -0.412255 -0.007035 -0.847157 0.027212 -0.021647
1403637137938318848.000000000 21.000000 -1.272963 -0.412255 -0.007035 -0.847157 0.027212 -0.021647
1403637137938318848.000000000 21.000000 -1.272963 -0.412255 -0.007035 -0.847157 0.027212 -0.021647
1403637137988318976.000000000 21.000000 -1.272807 -0.423696 -0.012162 -0.851951 0.025603 -0.021683
1403637137988318976.000000000 22.000000 -1.272807 -0.423698 -0.012162 -0.851953 0.025602 -0.021683
1403637137988318976.000000000 22.000000 -1.272807 -0.423698 -0.012162 -0.851953 0.025602 -0.021683
1403637137988318976.000000000 21.000000 -1.272807 -0.423698 -0.012162 -0.851953 0.025602 -0.021683
1403637137988318976.000000000 21.000000 -1.272807 -0.423698 -0.012162 -0.851953 0.025602 -0.021683
1403637138038319104.000000000 21.000000 -1.274290 -0.420201 -0.014819 -0.856013 0.025095 -0.021548
1403637138038319104.000000000 22.000000 -1.274289 -0.420198 -0.014821 -0.856016 0.025095 -0.021546
1403637138038319104.000000000 22.000000 -1.274289 -0.420198 -0.014821 -0.856016 0.025095 -0.021546
1403637138038319104.000000000 21.000000 -1.274289 -0.420198 -0.014821 -0.856016 0.025095 -0.021546
1403637138038319104.000000000 21.000000 -1.274289 -0.420198 -0.014821 -0.856016 0.025095 -0.021546
1403637138088318976.000000000 21.000000 -1.277135 -0.399302 -0.004830 -0.857799 0.025888 -0.019348
1403637138088318976.000000000 21.000000 -1.277135 -0.399302 -0.004830 -0.857799 0.025888 -0.019348
1403637138088318976.000000000 21.000000 -1.277135 -0.399302 -0.004830 -0.857799 0.025888 -0.019348
1403637138088318976.000000000 21.000000 -1.277135 -0.399302 -0.004830 -0.857799 0.025888 -0.019348
1403637138088318976.000000000 21.000000 -1.277135 -0.399302 -0.004830 -0.857799 0.025888 -0.019348
1403637138138319104.000000000 21.000000 -1.278727 -0.370634 0.018675 -0.856599 0.024803 -0.016346
1403637138138319104.000000000 22.000000 -1.278774 -0.370668 0.018588 -0.856616 0.024816 -0.016362
1403637138138319104.000000000 22.000000 -1.278774 -0.370668 0.018588 -0.856616 0.024816 -0.016362
1403637138138319104.000000000 21.000000 -1.278774 -0.370668 0.018588 -0.856616 0.024816 -0.016362
1403637138138319104.000000000 21.000000 -1.278774 -0.370668 0.018588 -0.856616 0.024816 -0.016362
1403637138188318976.000000000 21.000000 -1.278235 -0.349527 0.041959 -0.852982 0.019324 -0.018387
1403637138188318976.000000000 21.000000 -1.278239 -0.349519 0.041927 -0.852988 0.019332 -0.018392
1403637138188318976.000000000 21.000000 -1.278239 -0.349519 0.041927 -0.852988 0.019332 -0.018392
1403637138188318976.000000000 21.000000 -1.278239 -0.349519 0.041927 -0.852988 0.019332 -0.018392
1403637138188318976.000000000 21.000000 -1.278239 -0.349519 0.041927 -0.852988 0.019332 -0.018392
1403637138238318848.000000000 21.000000 -1.277330 -0.330047 0.056368 -0.846543 0.013675 -0.027026
1403637138238318848.000000000 21.000000 -1.277328 -0.330040 0.056316 -0.846555 0.013687 -0.027034
1403637138238318848.000000000 21.000000 -1.277328 -0.330040 0.056316 -0.846555 0.013687 -0.027034
1403637138238318848.000000000 21.000000 -1.277328 -0.330040 0.056316 -0.846555 0.013687 -0.027034
1403637138238318848.000000000 21.000000 -1.277328 -0.330040 0.056316 -0.846555 0.013687 -0.027034
1403637138288319232.000000000 21.000000 -1.279693 -0.292998 0.072627 -0.837956 0.012080 -0.033129
1403637138288319232.000000000 22.000000 -1.279696 -0.292940 0.072563 -0.837967 0.012107 -0.033129
1403637138288319232.000000000 22.000000 -1.279696 -0.292940 0.072563 -0.837967 0.012107 -0.033129
1403637138288319232.000000000 22.000000 -1.279696 -0.292940 0.072563 -0.837967 0.012107 -0.033129
1403637138288319232.000000000 21.000000 -1.279696 -0.292940 0.072563 -0.837967 0.012107 -0.033129
1403637138338319104.000000000 21.000000 -1.283179 -0.245877 0.086527 -0.828111 0.013130 -0.037358
1403637138338319104.000000000 21.000000 -1.283177 -0.245884 0.086532 -0.828121 0.013127 -0.037354
1403637138338319104.000000000 21.000000 -1.283177 -0.245884 0.086532 -0.828121 0.013127 -0.037354
1403637138338319104.000000000 21.000000 -1.283177 -0.245884 0.086532 -0.828121 0.013127 -0.037354
1403637138338319104.000000000 21.000000 -1.283177 -0.245884 0.086532 -0.828121 0.013127 -0.037354
1403637138338319104.000000000 21.000000 -1.283177 -0.245884 0.086532 -0.828121 0.013127 -0.037354
1403637138388318976.000000000 21.000000 -1.286996 -0.191331 0.095603 -0.817501 0.017036 -0.040576
1403637138388318976.000000000 22.000000 -1.286996 -0.191331 0.095603 -0.817501 0.017036 -0.040576
1403637138388318976.000000000 22.000000 -1.286996 -0.191331 0.095603 -0.817501 0.017036 -0.040576
1403637138388318976.000000000 22.000000 -1.286996 -0.191331 0.095603 -0.817501 0.017036 -0.040576
1403637138388318976.000000000 22.000000 -1.286996 -0.191331 0.095603 -0.817501 0.017036 -0.040576
1403637138438318848.000000000 21.000000 -1.290003 -0.146033 0.097991 -0.807465 0.019924 -0.045408
1403637138438318848.000000000 21.000000 -1.290003 -0.146033 0.097991 -0.807465 0.019924 -0.045408
1403637138438318848.000000000 21.000000 -1.290003 -0.146033 0.097991 -0.807465 0.019924 -0.045408
1403637138438318848.000000000 21.000000 -1.290003 -0.146033 0.097991 -0.807465 0.019924 -0.045408
1403637138488318976.000000000 21.000000 -1.291904 -0.105490 0.096436 -0.798998 0.023901 -0.048913
1403637138488318976.000000000 21.000000 -1.291895 -0.105515 0.096480 -0.799016 0.023889 -0.048901
1403637138488318976.000000000 21.000000 -1.291895 -0.105515 0.096480 -0.799016 0.023889 -0.048901
1403637138488318976.000000000 21.000000 -1.291895 -0.105515 0.096480 -0.799016 0.023889 -0.048901
1403637138488318976.000000000 21.000000 -1.291895 -0.105515 0.096480 -0.799016 0.023889 -0.048901
1403637138538319104.000000000 21.000000 -1.293632 -0.071919 0.095689 -0.792362 0.027301 -0.050548
1403637138538319104.000000000 21.000000 -1.293618 -0.071978 0.095769 -0.792393 0.027284 -0.050529
1403637138538319104.000000000 21.000000 -1.293618 -0.071978 0.095769 -0.792393 0.027284 -0.050529
1403637138538319104.000000000 21.000000 -1.293618 -0.071978 0.095769 -0.792393 0.027284 -0.050529
1403637138538319104.000000000 21.000000 -1.293618 -0.071978 0.095769 -0.792393 0.027284 -0.050529
1403637138538319104.000000000 21.000000 -1.293618 -0.071978 0.095769 -0.792393 0.027284 -0.050529
1403637138588318976.000000000 21.000000 -1.294723 -0.052853 0.095116 -0.787702 0.028837 -0.051667
1403637138588318976.000000000 21.000000 -1.294723 -0.052853 0.095116 -0.787702 0.028837 -0.051667
1403637138588318976.000000000 21.000000 -1.294723 -0.052853 0.095116 -0.787702 0.028837 -0.051667
1403637138588318976.000000000 21.000000 -1.294723 -0.052853 0.095116 -0.787702 0.028837 -0.051667
1403637138638319104.000000000 21.000000 -1.295090 -0.042815 0.097105 -0.785008 0.029708 -0.050313
1403637138638319104.000000000 21.000000 -1.295056 -0.042883 0.097227 -0.785030 0.029689 -0.050292
1403637138638319104.000000000 21.000000 -1.295056 -0.042883 0.097227 -0.785030 0.029689 -0.050292
1403637138638319104.000000000 21.000000 -1.295056 -0.042883 0.097227 -0.785030 0.029689 -0.050292
1403637138638319104.000000000 21.000000 -1.295056 -0.042883 0.097227 -0.785030 0.029689 -0.050292
1403637138638319104.000000000 21.000000 -1.295056 -0.042883 0.097227 -0.785030 0.029689 -0.050292
1403637138688318976.000000000 21.000000 -1.294821 -0.045957 0.096895 -0.784757 0.029948 -0.048809
1403637138688318976.000000000 21.000000 -1.294821 -0.045957 0.096895 -0.784757 0.029948 -0.048809
1403637138688318976.000000000 21.000000 -1.294821 -0.045957 0.096895 -0.784757 0.029948 -0.048809
1403637138688318976.000000000 21.000000 -1.294821 -0.045957 0.096895 -0.784757 0.029948 -0.048809
1403637138688318976.000000000 21.000000 -1.294821 -0.045957 0.096895 -0.784757 0.029948 -0.048809
1403637138738318848.000000000 21.000000 -1.294090 -0.054931 0.095604 -0.786096 0.031159 -0.045463
1403637138738318848.000000000 21.000000 -1.294090 -0.054931 0.095604 -0.786096 0.031159 -0.045463
1403637138738318848.000000000 21.000000 -1.294090 -0.054931 0.095604 -0.786096 0.031159 -0.045463
1403637138738318848.000000000 21.000000 -1.294090 -0.054931 0.095604 -0.786096 0.031159 -0.045463
1403637138738318848.000000000 21.000000 -1.294090 -0.054931 0.095604 -0.786096 0.031159 -0.045463
1403637138788319232.000000000 21.000000 -1.293903 -0.075490 0.087067 -0.789012 0.032637 -0.043654
1403637138788319232.000000000 21.000000 -1.293903 -0.075490 0.087067 -0.789012 0.032637 -0.043654
1403637138788319232.000000000 21.000000 -1.293903 -0.075490 0.087067 -0.789012 0.032637 -0.043654
1403637138788319232.000000000 21.000000 -1.293903 -0.075490 0.087067 -0.789012 0.032637 -0.043654
1403637138788319232.000000000 21.000000 -1.293903 -0.075490 0.087067 -0.789012 0.032637 -0.043654
1403637138838319104.000000000 21.000000 -1.294031 -0.105324 0.070682 -0.793307 0.034712 -0.043389
1403637138838319104.000000000 21.000000 -1.294031 -0.105324 0.070682 -0.793307 0.034712 -0.043389
1403637138838319104.000000000 21.000000 -1.294031 -0.105324 0.070682 -0.793307 0.034712 -0.043389
1403637138838319104.000000000 21.000000 -1.294031 -0.105324 0.070682 -0.793307 0.034712 -0.043389
1403637138838319104.000000000 21.000000 -1.294031 -0.105324 0.070682 -0.793307 0.034712 -0.043389
1403637138888318976.000000000 21.000000 -1.293960 -0.143031 0.053821 -0.798592 0.035433 -0.043014
1403637138888318976.000000000 22.000000 -1.293960 -0.143031 0.053821 -0.798592 0.035433 -0.043014
1403637138888318976.000000000 22.000000 -1.293960 -0.143031 0.053821 -0.798592 0.035433 -0.043014
1403637138888318976.000000000 21.000000 -1.293960 -0.143031 0.053821 -0.798592 0.035433 -0.043014
1403637138888318976.000000000 21.000000 -1.293960 -0.143031 0.053821 -0.798592 0.035433 -0.043014
1403637138938318848.000000000 21.000000 -1.292293 -0.188676 0.044633 -0.803684 0.034158 -0.041822
1403637138938318848.000000000 21.000000 -1.292293 -0.188676 0.044633 -0.803684 0.034158 -0.041822
1403637138938318848.000000000 21.000000 -1.292293 -0.188676 0.044633 -0.803684 0.034158 -0.041822
1403637138938318848.000000000 21.000000 -1.292293 -0.188676 0.044633 -0.803684 0.034158 -0.041822
1403637138938318848.000000000 21.000000 -1.292293 -0.188676 0.044633 -0.803684 0.034158 -0.041822
1403637138988318976.000000000 21.000000 -1.291273 -0.219901 0.042083 -0.807790 0.034472 -0.034401
1403637138988318976.000000000 21.000000 -1.291273 -0.219901 0.042083 -0.807790 0.034472 -0.034401
1403637138988318976.000000000 21.000000 -1.291273 -0.219901 0.042083 -0.807790 0.034472 -0.034401
1403637138988318976.000000000 21.000000 -1.291273 -0.219901 0.042083 -0.807790 0.034472 -0.034401
1403637138988318976.000000000 21.000000 -1.291273 -0.219901 0.042083 -0.807790 0.034472 -0.034401
1403637139038319104.000000000 21.000000 -1.290340 -0.250129 0.041879 -0.811330 0.034281 -0.026326
1403637139038319104.000000000 21.000000 -1.290340 -0.250129 0.041879 -0.811330 0.034281 -0.026326
1403637139038319104.000000000 21.000000 -1.290340 -0.250129 0.041879 -0.811330 0.034281 -0.026326
1403637139038319104.000000000 21.000000 -1.290340 -0.250129 0.041879 -0.811330 0.034281 -0.026326
1403637139038319104.000000000 21.000000 -1.290340 -0.250129 0.041879 -0.811330 0.034281 -0.026326
1403637139088318976.000000000 21.000000 -1.289841 -0.277710 0.040416 -0.814228 0.034621 -0.019030
1403637139088318976.000000000 22.000000 -1.289841 -0.277710 0.040416 -0.814228 0.034621 -0.019030
1403637139088318976.000000000 22.000000 -1.289841 -0.277710 0.040416 -0.814228 0.034621 -0.019030
1403637139088318976.000000000 21.000000 -1.289841 -0.277710 0.040416 -0.814228 0.034621 -0.019030
1403637139088318976.000000000 21.000000 -1.289841 -0.277710 0.040416 -0.814228 0.034621 -0.019030
1403637139138319104.000000000 21.000000 -1.290770 -0.305278 0.031507 -0.816810 0.034239 -0.013815
1403637139138319104.000000000 21.000000 -1.290770 -0.305278 0.031507 -0.816810 0.034239 -0.013815
1403637139138319104.000000000 21.000000 -1.290770 -0.305278 0.031507 -0.816810 0.034239 -0.013815
1403637139138319104.000000000 21.000000 -1.290770 -0.305278 0.031507 -0.816810 0.034239 -0.013815
1403637139138319104.000000000 21.000000 -1.290770 -0.305278 0.031507 -0.816810 0.034239 -0.013815
1403637139188318976.000000000 21.000000 -1.289731 -0.331697 0.029278 -0.819221 0.033710 -0.008839
1403637139188318976.000000000 22.000000 -1.289780 -0.331667 0.029203 -0.819227 0.033727 -0.008858
1403637139188318976.000000000 22.000000 -1.289780 -0.331667 0.029203 -0.819227 0.033727 -0.008858
1403637139188318976.000000000 22.000000 -1.289780 -0.331667 0.029203 -0.819227 0.033727 -0.008858
1403637139188318976.000000000 21.000000 -1.289780 -0.331667 0.029203 -0.819227 0.033727 -0.008858
1403637139238318848.000000000 21.000000 -1.289405 -0.358482 0.024978 -0.821184 0.031901 -0.006344
1403637139238318848.000000000 22.000000 -1.289405 -0.358482 0.024978 -0.821184 0.031901 -0.006344
1403637139238318848.000000000 22.000000 -1.289405 -0.358482 0.024978 -0.821184 0.031901 -0.006344
1403637139238318848.000000000 21.000000 -1.289405 -0.358482 0.024978 -0.821184 0.031901 -0.006344
1403637139238318848.000000000 21.000000 -1.289405 -0.358482 0.024978 -0.821184 0.031901 -0.006344
1403637139288319232.000000000 21.000000 -1.288339 -0.380278 0.022110 -0.821877 0.030138 -0.004273
1403637139288319232.000000000 21.000000 -1.288339 -0.380278 0.022110 -0.821877 0.030138 -0.004273
1403637139288319232.000000000 21.000000 -1.288339 -0.380278 0.022110 -0.821877 0.030138 -0.004273
1403637139288319232.000000000 21.000000 -1.288339 -0.380278 0.022110 -0.821877 0.030138 -0.004273
1403637139288319232.000000000 21.000000 -1.288339 -0.380278 0.022110 -0.821877 0.030138 -0.004273
1403637139338319104.000000000 21.000000 -1.286106 -0.400412 0.018494 -0.822469 0.027690 -0.003813
1403637139338319104.000000000 22.000000 -1.286106 -0.400412 0.018494 -0.822469 0.027690 -0.003813
1403637139338319104.000000000 22.000000 -1.286106 -0.400412 0.018494 -0.822469 0.027690 -0.003813
1403637139338319104.000000000 22.000000 -1.286106 -0.400412 0.018494 -0.822469 0.027690 -0.003813
1403637139338319104.000000000 22.000000 -1.286106 -0.400412 0.018494 -0.822469 0.027690 -0.003813
1403637139388318976.000000000 22.000000 -1.282898 -0.418290 0.015497 -0.823039 0.024105 -0.004175
1403637139388318976.000000000 22.000000 -1.282898 -0.418290 0.015497 -0.823039 0.024105 -0.004175
1403637139388318976.000000000 22.000000 -1.282898 -0.418290 0.015497 -0.823039 0.024105 -0.004175
1403637139388318976.000000000 21.000000 -1.282898 -0.418290 0.015497 -0.823039 0.024105 -0.004175
1403637139388318976.000000000 21.000000 -1.282898 -0.418290 0.015497 -0.823039 0.024105 -0.004175
1403637139438318848.000000000 21.000000 -1.280310 -0.431569 0.023689 -0.822920 0.019544 -0.001968
1403637139438318848.000000000 22.000000 -1.280310 -0.431569 0.023689 -0.822920 0.019544 -0.001968
1403637139438318848.000000000 22.000000 -1.280310 -0.431569 0.023689 -0.822920 0.019544 -0.001968
1403637139438318848.000000000 21.000000 -1.280310 -0.431569 0.023689 -0.822920 0.019544 -0.001968
1403637139438318848.000000000 21.000000 -1.280310 -0.431569 0.023689 -0.822920 0.019544 -0.001968
1403637139488318976.000000000 21.000000 -1.278280 -0.439330 0.034963 -0.821896 0.015853 0.001198
1403637139488318976.000000000 22.000000 -1.278280 -0.439330 0.034963 -0.821896 0.015853 0.001198
1403637139488318976.000000000 22.000000 -1.278280 -0.439330 0.034963 -0.821896 0.015853 0.001198
1403637139488318976.000000000 21.000000 -1.278280 -0.439330 0.034963 -0.821896 0.015853 0.001198
1403637139488318976.000000000 21.000000 -1.278280 -0.439330 0.034963 -0.821896 0.015853 0.001198
1403637139538319104.000000000 21.000000 -1.277080 -0.442154 0.044429 -0.820488 0.013801 0.004480
1403637139538319104.000000000 22.000000 -1.277080 -0.442154 0.044429 -0.820488 0.013801 0.004480
1403637139538319104.000000000 22.000000 -1.277080 -0.442154 0.044429 -0.820488 0.013801 0.004480
1403637139538319104.000000000 22.000000 -1.277080 -0.442154 0.044429 -0.820488 0.013801 0.004480
1403637139538319104.000000000 21.000000 -1.277080 -0.442154 0.044429 -0.820488 0.013801 0.004480
1403637139588318976.000000000 21.000000 -1.275595 -0.446168 0.049672 -0.818607 0.012440 0.005741
1403637139588318976.000000000 22.000000 -1.275595 -0.446168 0.049672 -0.818607 0.012440 0.005741
1403637139588318976.000000000 22.000000 -1.275595 -0.446168 0.049672 -0.818607 0.012440 0.005741
1403637139588318976.000000000 22.000000 -1.275595 -0.446168 0.049672 -0.818607 0.012440 0.005741
1403637139588318976.000000000 21.000000 -1.275595 -0.446168 0.049672 -0.818607 0.012440 0.005741
1403637139638319104.000000000 21.000000 -1.272107 -0.454809 0.053110 -0.816772 0.009944 0.005204
1403637139638319104.000000000 22.000000 -1.272107 -0.454809 0.053110 -0.816772 0.009944 0.005204
1403637139638319104.000000000 22.000000 -1.272107 -0.454809 0.053110 -0.816772 0.009944 0.005204
1403637139638319104.000000000 21.000000 -1.272107 -0.454809 0.053110 -0.816772 0.009944 0.005204
1403637139638319104.000000000 21.000000 -1.272107 -0.454809 0.053110 -0.816772 0.009944 0.005204
1403637139688318976.000000000 21.000000 -1.269586 -0.461798 0.058426 -0.815302 0.007756 0.005682
1403637139688318976.000000000 21.000000 -1.269586 -0.461798 0.058426 -0.815302 0.007756 0.005682
1403637139688318976.000000000 21.000000 -1.269586 -0.461798 0.058426 -0.815302 0.007756 0.005682
1403637139688318976.000000000 21.000000 -1.269586 -0.461798 0.058426 -0.815302 0.007756 0.005682
1403637139688318976.000000000 21.000000 -1.269586 -0.461798 0.058426 -0.815302 0.007756 0.005682
1403637139738318848.000000000 21.000000 -1.268614 -0.466980 0.062000 -0.814376 0.006321 0.006627
1403637139738318848.000000000 22.000000 -1.268614 -0.466980 0.062000 -0.814376 0.006321 0.006627
1403637139738318848.000000000 22.000000 -1.268614 -0.466980 0.062000 -0.814376 0.006321 0.006627
1403637139738318848.000000000 21.000000 -1.268614 -0.466980 0.062000 -0.814376 0.006321 0.006627
1403637139738318848.000000000 21.000000 -1.268614 -0.466980 0.062000 -0.814376 0.006321 0.006627
1403637139788319232.000000000 21.000000 -1.268423 -0.471751 0.062141 -0.814057 0.005772 0.006387
1403637139788319232.000000000 21.000000 -1.268423 -0.471751 0.062141 -0.814057 0.005772 0.006387
1403637139788319232.000000000 21.000000 -1.268423 -0.471751 0.062141 -0.814057 0.005772 0.006387
1403637139788319232.000000000 21.000000 -1.268423 -0.471751 0.062141 -0.814057 0.005772 0.006387
1403637139788319232.000000000 21.000000 -1.268423 -0.471751 0.062141 -0.814057 0.005772 0.006387
1403637139838319104.000000000 21.000000 -1.270827 -0.468943 0.066044 -0.812224 0.006857 0.007850
1403637139838319104.000000000 22.000000 -1.270827 -0.468943 0.066044 -0.812224 0.006857 0.007850
1403637139838319104.000000000 22.000000 -1.270827 -0.468943 0.066044 -0.812224 0.006857 0.007850
1403637139838319104.000000000 21.000000 -1.270827 -0.468943 0.066044 -0.812224 0.006857 0.007850
1403637139838319104.000000000 21.000000 -1.270827 -0.468943 0.066044 -0.812224 0.006857 0.007850
1403637139888318976.000000000 21.000000 -1.273240 -0.465738 0.070930 -0.807934 0.008066 0.007835
1403637139888318976.000000000 22.000000 -1.273240 -0.465738 0.070930 -0.807934 0.008066 0.007835
1403637139888318976.000000000 22.000000 -1.273240 -0.465738 0.070930 -0.807934 0.008066 0.007835
1403637139888318976.000000000 22.000000 -1.273240 -0.465738 0.070930 -0.807934 0.008066 0.007835
1403637139888318976.000000000 22.000000 -1.273240 -0.465738 0.070930 -0.807934 0.008066 0.007835
1403637139938318848.000000000 21.000000 0.000000 0.000000 0.000000 0.000000 0.000000 0.000000
1403637139938318848.000000000 21.000000 0.000000 0.000000 0.000000 0.000000 0.000000 0.000000
1403637139938318848.000000000 21.000000 0.000000 0.000000 0.000000 0.000000 0.000000 0.000000
1403637139938318848.000000000 21.000000 0.000000 0.000000 0.000000 0.000000 0.000000 0.000000
1403637139938318848.000000000 21.000000 0.000000 0.000000 0.000000 0.000000 0.000000 0.000000
1403637139938318848.000000000 21.000000 0.000000 0.000000 0.000000 0.000000 0.000000 0.000000
1403637139938318848.000000000 21.000000 0.000000 0.000000 0.000000 0.000000 0.000000 0.000000
0.000000000 0.000000 0.000000 0.000000 0.000000 0.000000 0.000000 0.000000
1403637140038319104.000000000 1.000000 -0.000000 -0.000000 0.000000 -0.000000 0.000000 0.000000
1403637140038319104.000000000 1.000000 -0.000000 -0.000000 0.000000 -0.000000 0.000000 0.000000
1403637140038319104.000000000 1.000000 -0.000000 -0.000000 0.000000 -0.000000 0.000000 0.000000
1403637140038319104.000000000 1.000000 -0.000000 -0.000000 0.000000 -0.000000 0.000000 0.000000
1403637140038319104.000000000 1.000000 -0.000000 -0.000000 0.000000 -0.000000 0.000000 0.000000
1403637140088318976.000000000 1.000000 0.000000 0.000000 0.000000 0.000000 0.000000 0.000000
1403637140088318976.000000000 1.000000 -0.001382 -0.000093 0.001576 -0.005920 -0.003277 0.000305
1403637140088318976.000000000 1.000000 -0.001382 -0.000093 0.001576 -0.005920 -0.003277 0.000305
1403637140088318976.000000000 1.000000 -0.001382 -0.000093 0.001576 -0.005920 -0.003277 0.000305
1403637140088318976.000000000 1.000000 -0.001382 -0.000093 0.001576 -0.005920 -0.003277 0.000305
1403637140138319104.000000000 1.000000 -0.001914 0.001108 0.000507 -0.012106 -0.006357 -0.000057
1403637140138319104.000000000 1.000000 -0.001914 0.001108 0.000507 -0.012106 -0.006357 -0.000057
1403637140138319104.000000000 1.000000 -0.001914 0.001108 0.000507 -0.012106 -0.006357 -0.000057
1403637140138319104.000000000 1.000000 -0.001914 0.001108 0.000507 -0.012106 -0.006357 -0.000057
1403637140138319104.000000000 1.000000 -0.001914 0.001108 0.000507 -0.012106 -0.006357 -0.000057
1403637140188318976.000000000 1.000000 -0.002623 0.000912 0.003687 -0.014953 -0.008162 -0.001312
1403637140188318976.000000000 1.000000 -0.002623 0.000912 0.003687 -0.014953 -0.008162 -0.001312
1403637140188318976.000000000 1.000000 -0.002623 0.000912 0.003687 -0.014953 -0.008162 -0.001312
1403637140188318976.000000000 1.000000 -0.002623 0.000912 0.003687 -0.014953 -0.008162 -0.001312
1403637140188318976.000000000 1.000000 -0.002623 0.000912 0.003687 -0.014953 -0.008162 -0.001312
1403637140238318848.000000000 1.000000 -0.004654 0.000001 0.005559 -0.013537 -0.010682 -0.001417
1403637140238318848.000000000 1.000000 -0.004779 -0.000116 0.005414 -0.013540 -0.010704 -0.001298
1403637140238318848.000000000 1.000000 -0.004779 -0.000116 0.005414 -0.013540 -0.010704 -0.001298
1403637140238318848.000000000 1.000000 -0.004779 -0.000116 0.005414 -0.013540 -0.010704 -0.001298
1403637140238318848.000000000 1.000000 -0.004779 -0.000116 0.005414 -0.013540 -0.010704 -0.001298
1403637140288319232.000000000 1.000000 -0.005850 -0.000357 0.004213 -0.013742 -0.011464 -0.002419
1403637140288319232.000000000 1.000000 -0.005850 -0.000357 0.004213 -0.013742 -0.011464 -0.002419
1403637140288319232.000000000 1.000000 -0.005850 -0.000357 0.004213 -0.013742 -0.011464 -0.002419
1403637140288319232.000000000 1.000000 -0.005850 -0.000357 0.004213 -0.013742 -0.011464 -0.002419
1403637140288319232.000000000 1.000000 -0.005850 -0.000357 0.004213 -0.013742 -0.011464 -0.002419
1403637140338319104.000000000 1.000000 -0.005825 -0.000759 0.004151 -0.014234 -0.011241 -0.004642
1403637140338319104.000000000 2.000000 -0.005825 -0.000759 0.004151 -0.014234 -0.011241 -0.004642
1403637140338319104.000000000 2.000000 -0.005825 -0.000759 0.004151 -0.014234 -0.011241 -0.004642
1403637140338319104.000000000 2.000000 -0.005825 -0.000759 0.004151 -0.014234 -0.011241 -0.004642
1403637140338319104.000000000 2.000000 -0.005825 -0.000759 0.004151 -0.014234 -0.011241 -0.004642
1403637140388318976.000000000 2.000000 -0.005802 -0.001160 0.004090 -0.014725 -0.011018 -0.006865
1403637140388318976.000000000 2.000000 -0.005883 -0.000289 0.003542 -0.014338 -0.010738 -0.006575
1403637140388318976.000000000 2.000000 -0.005883 -0.000289 0.003542 -0.014338 -0.010738 -0.006575
1403637140388318976.000000000 2.000000 -0.005883 -0.000289 0.003542 -0.014338 -0.010738 -0.006575
1403637140388318976.000000000 2.000000 -0.005883 -0.000289 0.003542 -0.014338 -0.010738 -0.006575
1403637140388318976.000000000 2.000000 -0.005883 -0.000289 0.003542 -0.014338 -0.010738 -0.006575
1403637140438318848.000000000 2.000000 -0.005446 -0.000627 0.003540 -0.014250 -0.010869 -0.005718
1403637140438318848.000000000 2.000000 -0.005446 -0.000627 0.003540 -0.014250 -0.010869 -0.005718
1403637140438318848.000000000 2.000000 -0.005446 -0.000627 0.003540 -0.014250 -0.010869 -0.005718
1403637140438318848.000000000 2.000000 -0.005446 -0.000627 0.003540 -0.014250 -0.010869 -0.005718
1403637140488318976.000000000 2.000000 -0.005008 -0.000964 0.003539 -0.014162 -0.011000 -0.004861
1403637140488318976.000000000 2.000000 -0.005480 -0.000260 0.003446 -0.014426 -0.010679 -0.006787
1403637140488318976.000000000 2.000000 -0.005480 -0.000260 0.003446 -0.014426 -0.010679 -0.006787
1403637140488318976.000000000 2.000000 -0.005480 -0.000260 0.003446 -0.014426 -0.010679 -0.006787
1403637140488318976.000000000 2.000000 -0.005480 -0.000260 0.003446 -0.014426 -0.010679 -0.006787
1403637140538319104.000000000 2.000000 -0.005500 -0.000106 0.002573 -0.014342 -0.010657 -0.006809
1403637140538319104.000000000 2.000000 -0.005594 -0.000138 0.003023 -0.014301 -0.010600 -0.006952
1403637140538319104.000000000 2.000000 -0.005594 -0.000138 0.003023 -0.014301 -0.010600 -0.006952
1403637140538319104.000000000 2.000000 -0.005594 -0.000138 0.003023 -0.014301 -0.010600 -0.006952
1403637140538319104.000000000 2.000000 -0.005594 -0.000138 0.003023 -0.014301 -0.010600 -0.006952
1403637140588318976.000000000 2.000000 -0.005104 -0.000234 0.005143 -0.014406 -0.010176 -0.008223
1403637140588318976.000000000 3.000000 -0.005036 -0.000243 0.004947 -0.014436 -0.010201 -0.008186
1403637140588318976.000000000 3.000000 -0.005036 -0.000243 0.004947 -0.014436 -0.010201 -0.008186
1403637140588318976.000000000 3.000000 -0.005036 -0.000243 0.004947 -0.014436 -0.010201 -0.008186
1403637140588318976.000000000 3.000000 -0.005036 -0.000243 0.004947 -0.014436 -0.010201 -0.008186
1403637140588318976.000000000 3.000000 -0.005036 -0.000243 0.004947 -0.014436 -0.010201 -0.008186
1403637140638319104.000000000 3.000000 -0.005350 -0.000310 0.004460 -0.014435 -0.010231 -0.007945
1403637140638319104.000000000 3.000000 -0.005350 -0.000310 0.004460 -0.014435 -0.010231 -0.007945
1403637140638319104.000000000 3.000000 -0.005350 -0.000310 0.004460 -0.014435 -0.010231 -0.007945
1403637140638319104.000000000 3.000000 -0.005350 -0.000310 0.004460 -0.014435 -0.010231 -0.007945
1403637140688318976.000000000 3.000000 -0.005092 -0.000310 0.004585 -0.014438 -0.010168 -0.008029
1403637140688318976.000000000 3.000000 -0.005090 -0.000310 0.004579 -0.014439 -0.010171 -0.008035
1403637140688318976.000000000 3.000000 -0.005090 -0.000310 0.004579 -0.014439 -0.010171 -0.008035
1403637140688318976.000000000 3.000000 -0.005090 -0.000310 0.004579 -0.014439 -0.010171 -0.008035
1403637140688318976.000000000 3.000000 -0.005090 -0.000310 0.004579 -0.014439 -0.010171 -0.008035
1403637140688318976.000000000 3.000000 -0.005090 -0.000310 0.004579 -0.014439 -0.010171 -0.008035
1403637140738318848.000000000 3.000000 -0.004962 -0.000394 0.004563 -0.014447 -0.010184 -0.007992
1403637140738318848.000000000 3.000000 -0.004962 -0.000394 0.004563 -0.014447 -0.010184 -0.007992
1403637140738318848.000000000 3.000000 -0.004962 -0.000394 0.004563 -0.014447 -0.010184 -0.007992
1403637140738318848.000000000 3.000000 -0.004962 -0.000394 0.004563 -0.014447 -0.010184 -0.007992
1403637140738318848.000000000 3.000000 -0.004962 -0.000394 0.004563 -0.014447 -0.010184 -0.007992
1403637140788319232.000000000 3.000000 -0.004986 -0.000260 0.005210 -0.014347 -0.010090 -0.008055
1403637140788319232.000000000 3.000000 -0.004986 -0.000260 0.005210 -0.014347 -0.010090 -0.008055
1403637140788319232.000000000 3.000000 -0.004986 -0.000260 0.005210 -0.014347 -0.010090 -0.008055
1403637140788319232.000000000 3.000000 -0.004986 -0.000260 0.005210 -0.014347 -0.010090 -0.008055
1403637140788319232.000000000 3.000000 -0.004986 -0.000260 0.005210 -0.014347 -0.010090 -0.008055
1403637140838319104.000000000 4.000000 -0.005116 -0.000344 0.004113 -0.014471 -0.010146 -0.008063
1403637140838319104.000000000 4.000000 -0.005116 -0.000344 0.004113 -0.014471 -0.010146 -0.008063
1403637140838319104.000000000 4.000000 -0.005116 -0.000344 0.004113 -0.014471 -0.010146 -0.008063
1403637140838319104.000000000 4.000000 -0.005116 -0.000344 0.004113 -0.014471 -0.010146 -0.008063
1403637140838319104.000000000 4.000000 -0.005116 -0.000344 0.004113 -0.014471 -0.010146 -0.008063
1403637140888318976.000000000 4.000000 -0.004615 -0.000528 0.004124 -0.014443 -0.010090 -0.008215
1403637140888318976.000000000 4.000000 -0.004615 -0.000528 0.004124 -0.014443 -0.010090 -0.008215
1403637140888318976.000000000 4.000000 -0.004615 -0.000528 0.004124 -0.014443 -0.010090 -0.008215
1403637140888318976.000000000 4.000000 -0.004615 -0.000528 0.004124 -0.014443 -0.010090 -0.008215
1403637140888318976.000000000 4.000000 -0.004615 -0.000528 0.004124 -0.014443 -0.010090 -0.008215
1403637140938318848.000000000 4.000000 -0.004969 -0.000401 0.004362 -0.014396 -0.010061 -0.008178
1403637140938318848.000000000 4.000000 -0.004969 -0.000401 0.004362 -0.014396 -0.010061 -0.008178
